0 0
1 4
2 7
3 10
4 13
5 16
6 19
7 22
8 26
9 29
10 32
11 35
12 38
13 41
14 44
15 47
16 50
17 54
18 57
19 60
20 63
21 66
22 69
23 72
24 75
25 78
26 81
27 84
28 87
29 90
30 93
31 96
32 98
33 101
34 104
35 107
36 110
37 113
38 116
39 118
40 121
41 124
42 127
43 129
44 132
45 135
46 137
47 140
48 143
49 145
50 148
51 150
52 153
53 156
54 158
55 160
56 163
57 165
58 168
59 170
60 172
61 175
62 177
63 179
64 182
65 184
66 186
67 188
68 190
69 192
70 194
71 196
72 198
73 200
74 202
75 204
76 206
77 208
78 210
79 212
80 213
81 215
82 217
83 218
84 220
85 222
86 223
87 225
88 226
89 228
90 229
91 231
92 232
93 233
94 235
95 236
96 237
97 238
98 239
99 240
100 242
101 243
102 244
103 245
104 245
105 246
106 247
107 248
108 249
109 250
110 250
111 251
112 252
113 252
114 253
115 253
116 254
117 254
118 255
119 255
120 255
121 256
122 256
123 256
124 256
125 256
126 256
127 256
