0 135
1 135
2 135
3 135
4 135
5 136
6 136
7 136
8 136
9 137
10 137
11 137
12 138
13 138
14 139
15 139
16 140
17 140
18 141
19 142
20 142
21 143
22 144
23 145
24 146
25 146
26 147
27 148
28 149
29 150
30 151
31 152
32 153
33 154
34 156
35 157
36 158
37 159
38 160
39 162
40 163
41 164
42 165
43 167
44 168
45 169
46 171
47 172
48 173
49 175
50 176
51 178
52 179
53 181
54 182
55 184
56 185
57 187
58 188
59 189
60 191
61 192
62 194
63 195
64 197
65 198
66 200
67 201
68 203
69 204
70 206
71 207
72 209
73 210
74 212
75 213
76 215
77 216
78 217
79 219
80 220
81 221
82 223
83 224
84 225
85 227
86 228
87 229
88 230
89 232
90 233
91 234
92 235
93 236
94 237
95 238
96 239
97 240
98 241
99 242
100 243
101 244
102 245
103 246
104 247
105 248
106 248
107 249
108 250
109 250
110 251
111 252
112 252
113 253
114 253
115 254
116 254
117 254
118 255
119 255
120 255
121 256
122 256
123 256
124 256
125 256
126 256
127 256
