0 134
1 134
2 134
3 134
4 134
5 134
6 134
7 134
8 134
9 135
10 135
11 135
12 136
13 136
14 136
15 137
16 137
17 138
18 138
19 139
20 139
21 140
22 140
23 141
24 142
25 143
26 143
27 144
28 145
29 146
30 146
31 147
32 148
33 149
34 150
35 151
36 152
37 153
38 154
39 155
40 156
41 157
42 158
43 159
44 160
45 161
46 162
47 163
48 164
49 165
50 166
51 167
52 168
53 169
54 171
55 172
56 173
57 174
58 175
59 176
60 177
61 178
62 179
63 180
64 182
65 183
66 184
67 185
68 186
69 187
70 188
71 189
72 190
73 191
74 192
75 193
76 194
77 195
78 196
79 197
80 197
81 198
82 199
83 200
84 201
85 202
86 203
87 203
88 204
89 205
90 206
91 206
92 207
93 208
94 208
95 209
96 210
97 210
98 211
99 211
100 212
101 213
102 213
103 213
104 214
105 214
106 215
107 215
108 216
109 216
110 216
111 217
112 217
113 217
114 218
115 218
116 218
117 218
118 218
119 219
120 219
121 219
122 219
123 219
124 219
125 219
126 219
127 219
