0 0
1 2
2 5
3 8
4 11
5 14
6 17
7 20
8 23
9 26
10 29
11 32
12 35
13 38
14 41
15 44
16 47
17 50
18 53
19 56
20 59
21 62
22 65
23 68
24 70
25 73
26 76
27 79
28 82
29 84
30 87
31 90
32 92
33 95
34 98
35 100
36 103
37 105
38 108
39 111
40 113
41 116
42 118
43 120
44 123
45 125
46 127
47 130
48 132
49 134
50 137
51 139
52 141
53 143
54 145
55 147
56 149
57 151
58 153
59 155
60 157
61 159
62 161
63 163
64 165
65 166
66 168
67 170
68 172
69 173
70 175
71 176
72 178
73 179
74 181
75 182
76 184
77 185
78 187
79 188
80 189
81 190
82 192
83 193
84 194
85 195
86 196
87 197
88 198
89 200
90 201
91 201
92 202
93 203
94 204
95 205
96 206
97 207
98 207
99 208
100 209
101 210
102 210
103 211
104 211
105 212
106 213
107 213
108 214
109 214
110 214
111 215
112 215
113 216
114 216
115 216
116 217
117 217
118 217
119 217
120 218
121 218
122 218
123 218
124 218
125 218
126 218
127 218
