0 39
1 40
2 41
3 42
4 43
5 44
6 45
7 46
8 47
9 48
10 49
11 50
12 51
13 51
14 52
15 53
16 54
17 55
18 56
19 57
20 58
21 59
22 60
23 61
24 62
25 63
26 64
27 65
28 66
29 67
30 68
31 69
32 70
33 71
34 72
35 73
36 74
37 75
38 76
39 77
40 78
41 79
42 80
43 81
44 82
45 83
46 84
47 85
48 86
49 87
50 88
51 89
52 90
53 91
54 92
55 93
56 94
57 95
58 96
59 97
60 98
61 99
62 100
63 101
64 102
65 103
66 104
67 105
68 106
69 107
70 108
71 109
72 110
73 111
74 112
75 113
76 114
77 115
78 116
79 117
80 118
81 119
82 120
83 121
84 122
85 123
86 124
87 125
88 126
89 127
90 128
91 129
92 130
93 131
94 132
95 133
96 134
97 135
98 136
99 137
100 138
101 139
102 140
103 141
104 142
105 143
106 144
107 145
108 146
109 147
110 148
111 149
112 150
113 151
114 152
115 153
116 154
117 155
118 156
119 157
120 158
121 159
122 160
123 161
124 162
125 163
126 164
127 165
