0 13
1 14
2 15
3 16
4 17
5 18
6 19
7 20
8 21
9 22
10 23
11 24
12 25
13 26
14 27
15 28
16 29
17 30
18 31
19 32
20 33
21 34
22 35
23 36
24 37
25 38
26 39
27 40
28 41
29 42
30 43
31 44
32 45
33 46
34 47
35 48
36 49
37 50
38 51
39 52
40 53
41 54
42 55
43 56
44 57
45 58
46 59
47 60
48 61
49 62
50 63
51 64
52 65
53 66
54 67
55 68
56 69
57 70
58 71
59 72
60 73
61 74
62 75
63 76
64 77
65 78
66 79
67 80
68 81
69 82
70 83
71 84
72 85
73 86
74 87
75 88
76 89
77 90
78 91
79 92
80 93
81 94
82 95
83 96
84 97
85 98
86 99
87 100
88 101
89 102
90 102
91 103
92 104
93 105
94 106
95 107
96 108
97 109
98 110
99 111
100 112
101 113
102 114
103 115
104 116
105 117
106 118
107 119
108 120
109 121
110 122
111 123
112 124
113 125
114 126
115 127
116 128
117 129
118 130
119 131
120 132
121 133
122 134
123 135
124 136
125 137
126 138
127 139
