0 26
1 27
2 28
3 29
4 30
5 31
6 32
7 33
8 34
9 35
10 36
11 37
12 38
13 39
14 40
15 41
16 42
17 43
18 44
19 45
20 46
21 47
22 48
23 49
24 50
25 51
26 52
27 53
28 54
29 55
30 56
31 57
32 58
33 59
34 60
35 61
36 62
37 63
38 64
39 65
40 66
41 67
42 68
43 69
44 70
45 71
46 72
47 73
48 74
49 75
50 76
51 77
52 77
53 78
54 79
55 80
56 81
57 82
58 83
59 84
60 85
61 86
62 87
63 88
64 89
65 90
66 91
67 92
68 93
69 94
70 95
71 96
72 97
73 98
74 99
75 100
76 101
77 102
78 103
79 104
80 105
81 106
82 107
83 108
84 109
85 110
86 111
87 112
88 113
89 114
90 115
91 116
92 117
93 118
94 119
95 120
96 121
97 122
98 123
99 124
100 125
101 126
102 127
103 128
104 129
105 130
106 131
107 132
108 133
109 134
110 135
111 136
112 137
113 138
114 139
115 140
116 141
117 142
118 143
119 144
120 145
121 146
122 147
123 148
124 149
125 150
126 151
127 152
