0.0 -0.005641651340089039
0.0009765625 -0.005676559088830319
0.001953125 -0.005708970335456917
0.0029296875 -0.005738886150214306
0.00390625 -0.005766307620805437
0.0048828125 -0.00579123585239981
0.005859375 -0.005813671967645507
0.0068359375 -0.005833617106678085
0.0078125 -0.005851072427129643
0.0087890625 -0.005866039104139985
0.009765625 -0.005878518330364468
0.0107421875 -0.005888511315983593
0.01171875 -0.005896019288712598
0.0126953125 -0.005901043493808778
0.013671875 -0.005903585194082478
0.0146484375 -0.005903645669901622
0.015625 -0.005901226219203925
0.0166015625 -0.005896328157501771
0.017578125 -0.005888952817891289
0.0185546875 -0.005879101551059667
0.01953125 -0.005866775725292485
0.0205078125 -0.0058519767264799925
0.021484375 -0.005834705958125648
0.0224609375 -0.005814964841351182
0.0234375 -0.005792754814903396
0.0244140625 -0.005768077335161489
0.025390625 -0.005740933876142459
0.0263671875 -0.005711325929505994
0.02734375 -0.005679255004561089
0.0283203125 -0.005644722628272333
0.029296875 -0.0056077303452632165
0.0302734375 -0.0055682797178220654
0.03125 -0.005526372325907792
0.0322265625 -0.005482009767152862
0.033203125 -0.005435193656868701
0.0341796875 -0.0053859256280493545
0.03515625 -0.005334207331376722
0.0361328125 -0.00528004043522195
0.037109375 -0.005223426625651539
0.0380859375 -0.005164367606429608
0.0390625 -0.0051028650990196395
0.0400390625 -0.005038920842590929
0.041015625 -0.004972536594017718
0.0419921875 -0.004903714127883378
0.04296875 -0.004832455236483373
0.0439453125 -0.0047587617298263055
0.044921875 -0.004682635435635491
0.0458984375 -0.004604078199351569
0.046875 -0.004523091884134422
0.0478515625 -0.004439678370862829
0.048828125 -0.004353839558136732
0.0498046875 -0.004265577362277756
0.05078125 -0.004174893717330259
0.0517578125 -0.004081790575060635
0.052734375 -0.003986269904959227
0.0537109375 -0.0038883336942391127
0.0546875 -0.0037879839478359265
0.0556640625 -0.003685222688408208
0.056640625 -0.0035800519563361837
0.0576171875 -0.0034724738097212412
0.05859375 -0.0033624903243845363
0.0595703125 -0.003250103593866642
0.060546875 -0.003135315729425108
0.0615234375 -0.0030181288600334166
0.0625 -0.0028985451323785363
0.0634765625 -0.0027765667108591826
0.064453125 -0.002652195777584594
0.0654296875 -0.0025254345323694766
0.06640625 -0.002396285192734352
0.0673828125 -0.002264749993899628
0.068359375 -0.0021308311887855984
0.0693359375 -0.001994531048006166
0.0703125 -0.0018558518598674452
0.0712890625 -0.0017147959303628814
0.072265625 -0.0015713655831695876
0.0732421875 -0.0014255631596443326
0.07421875 -0.0012773910188193574
0.0751953125 -0.0011268515373960956
0.076171875 -0.0009739471097439527
0.0771484375 -0.0008186801478907155
0.078125 -0.0006610530815215046
0.0791015625 -0.000501068357970753
0.080078125 -0.00033872844221749716
0.0810546875 -0.00017403581687892454
0.08203125 -6.992982206013822e-06
0.0830078125 0.00016239754392553368
0.083984375 0.00033413322601913057
0.0849609375 0.0005082115109655
0.0859375 0.0006846298280491278
0.0869140625 0.0008633855889548903
0.087890625 0.0010444761877769473
0.0888671875 0.0012278990010238004
0.08984375 0.0014136513876284072
0.0908203125 0.0016017306889546342
0.091796875 0.0017921342288063254
0.0927734375 0.001984859313434452
0.09375 0.0021799032315472267
0.0947265625 0.0023772632543176044
0.095703125 0.0025769366353933956
0.0966796875 0.0027789206109045915
0.09765625 0.0029832123994755705
0.0986328125 0.0031898092022319014
0.099609375 0.0033987082028116766
0.1005859375 0.0036099065673759786
0.1015625 0.0038234014446175972
0.1025390625 0.004039189965772365
0.103515625 0.004257269244630149
0.1044921875 0.0044776363775449555
0.10546875 0.004700288443445928
0.1064453125 0.004925222503849722
0.107421875 0.005152435602870972
0.1083984375 0.0053819247672341475
0.109375 0.0056136870062855875
0.1103515625 0.005847719312005883
0.111328125 0.006084018659021389
0.1123046875 0.00632258200461782
0.11328125 0.006563406288751244
0.1142578125 0.006806488434063952
0.115234375 0.007051825345894216
0.1162109375 0.007299413912291648
0.1171875 0.007549251004030616
0.1181640625 0.007801333474623334
0.119140625 0.008055658160333979
0.1201171875 0.008312221880193522
0.12109375 0.008571021436013326
0.1220703125 0.008832053612399445
0.123046875 0.009095315176769198
0.1240234375 0.009360802879363195
0.125 0.009628513453264174
0.1259765625 0.009898443614408343
0.126953125 0.010170590061604725
0.1279296875 0.01044494947654807
0.12890625 0.010721518523836997
0.1298828125 0.011000293850988808
0.130859375 0.011281272088455713
0.1318359375 0.011564449849643138
0.1328125 0.011849823730925245
0.1337890625 0.012137390311661332
0.134765625 0.012427146154214657
0.1357421875 0.012719087803969017
0.13671875 0.013013211789346
0.1376953125 0.013309514621823138
0.138671875 0.013607992795953072
0.1396484375 0.01390864278937926
0.140625 0.014211461062856555
0.1416015625 0.014516444060269681
0.142578125 0.014823588208650339
0.1435546875 0.015132889918197768
0.14453125 0.015444345582298638
0.1455078125 0.01575795157754379
0.146484375 0.016073704263750207
0.1474609375 0.016391599983980893
0.1484375 0.016711635064562667
0.1494140625 0.017033805815109004
0.150390625 0.017358108528538696
0.1513671875 0.01768453948109713
0.15234375 0.01801309493237721
0.1533203125 0.01834377112534012
0.154296875 0.018676564286336583
0.1552734375 0.01901147062512781
0.15625 0.019348486334908505
0.1572265625 0.019687607592327093
0.158203125 0.020028830557508405
0.1591796875 0.020372151374075984
0.16015625 0.020717566169174417
0.1611328125 0.02106507105349114
0.162109375 0.021414662121280133
0.1630859375 0.021766335450385664
0.1640625 0.02212008710226285
0.1650390625 0.022475913122003484
0.166015625 0.0228338095383585
0.1669921875 0.023193772363761557
0.16796875 0.023555797594354472
0.1689453125 0.023919881210008324
0.169921875 0.024286019174351373
0.1708984375 0.024654207434790843
0.171875 0.025024441922538738
0.1728515625 0.025396718552637487
0.173828125 0.025771033223983112
0.1748046875 0.02614738181935212
0.17578125 0.02652576020542624
0.1767578125 0.02690616423281824
0.177734375 0.02728858973609844
0.1787109375 0.02767303253381878
0.1796875 0.0280594884285421
0.1806640625 0.02844795320686554
0.181640625 0.028838422639448757
0.1826171875 0.02923089248104098
0.18359375 0.02962535847050629
0.1845703125 0.03002181633085344
0.185546875 0.0304202617692601
0.1865234375 0.03082069047710337
0.1875 0.03122309812998541
0.1884765625 0.031627480387761885
0.189453125 0.03203383289457056
0.1904296875 0.0324421512788597
0.19140625 0.03285243115341498
0.1923828125 0.03326466811539063
0.193359375 0.03367885774633601
0.1943359375 0.034094995612225405
0.1953125 0.034513077263488
0.1962890625 0.03493309823503651
0.197265625 0.035355054046296464
0.1982421875 0.03577894020123621
0.19921875 0.03620475218839794
0.2001953125 0.036632485480925625
0.201171875 0.03706213553659741
0.2021484375 0.03749369779785494
0.203125 0.03792716769183406
0.2041015625 0.03836254063039651
0.205078125 0.03879981201015929
0.2060546875 0.03923897721252774
0.20703125 0.03968003160372572
0.2080078125 0.04012297053482722
0.208984375 0.04056778934178836
0.2099609375 0.04101448334548011
0.2109375 0.04146304785171819
0.2119140625 0.04191347815129766
0.212890625 0.042365769520024105
0.2138671875 0.04281991721874556
0.21484375 0.043275916493387585
0.2158203125 0.043733762574984604
0.216796875 0.044193450679712046
0.2177734375 0.04465497600892223
0.21875 0.04511833374917614
0.2197265625 0.04558351907227671
0.220703125 0.04605052713530422
0.2216796875 0.046519353080649285
0.22265625 0.046989992036046487
0.2236328125 0.04746243911460997
0.224609375 0.047936689414867256
0.2255859375 0.04841273802079431
0.2265625 0.048890580001849177
0.2275390625 0.04937021041300864
0.228515625 0.04985162429480273
0.2294921875 0.050334816673349596
0.23046875 0.050819782560391616
0.2314453125 0.05130651695333115
0.232421875 0.051795014835265406
0.2333984375 0.05228527117502413
0.234375 0.05277728092720428
0.2353515625 0.05327103903220721
0.236328125 0.0537665404162749
0.2373046875 0.054263779991526616
0.23828125 0.05476275265599518
0.2392578125 0.05526345329366617
0.240234375 0.055765876774512495
0.2412109375 0.05627001795453223
0.2421875 0.05677587167578765
0.2431640625 0.057283432766441364
0.244140625 0.05779269604079519
0.2451171875 0.058303656299326434
0.24609375 0.05881630832872851
0.2470703125 0.0593306469019467
0.248046875 0.059846666778219156
0.2490234375 0.06036436270311296
0.25 0.060883729408564444
0.2509765625 0.061404761612918406
0.251953125 0.061927454020965784
0.2529296875 0.062451801323983785
0.25390625 0.06297779819977631
0.2548828125 0.06350543931271024
0.255859375 0.06403471931375979
0.2568359375 0.06456563284054195
0.2578125 0.0650981745173594
0.2587890625 0.06563233895523952
0.259765625 0.06616812075197492
0.2607421875 0.0667055144921637
0.26171875 0.06724451474725088
0.2626953125 0.06778511607556814
0.263671875 0.06832731302237517
0.2646484375 0.06887110011990129
0.265625 0.06941647188738548
0.2666015625 0.06996342283111902
0.267578125 0.07051194744448686
0.2685546875 0.07106204020800773
0.26953125 0.07161369558937809
0.2705078125 0.07216690804351276
0.271484375 0.07272167201258832
0.2724609375 0.07327798192608309
0.2734375 0.0738358322008219
0.2744140625 0.07439521724101783
0.275390625 0.07495613143831435
0.2763671875 0.07551856917182863
0.27734375 0.07608252480819541
0.2783203125 0.07664799270160773
0.279296875 0.07721496719386306
0.2802734375 0.07778344261440484
0.28125 0.07835341328036646
0.2822265625 0.07892487349661569
0.283203125 0.07949781755579664
0.2841796875 0.08007223973837704
0.28515625 0.08064813431268852
0.2861328125 0.0812254955349734
0.287109375 0.08180431764942829
0.2880859375 0.08238459488824951
0.2890625 0.08296632147167547
0.2900390625 0.08354949160803431
0.291015625 0.08413409949378661
0.2919921875 0.08472013931357159
0.29296875 0.08530760524025299
0.2939453125 0.08589649143496181
0.294921875 0.08648679204714532
0.2958984375 0.08707850121461004
0.296875 0.08767161306356779
0.2978515625 0.08826612170868255
0.298828125 0.08886202125311674
0.2998046875 0.0894593057885758
0.30078125 0.09005796939535532
0.3017578125 0.09065800614238759
0.302734375 0.0912594100872885
0.3037109375 0.09186217527640272
0.3046875 0.09246629574485168
0.3056640625 0.09307176551658095
0.306640625 0.09367857860440564
0.3076171875 0.09428672901005969
0.30859375 0.09489621072423973
0.3095703125 0.09550701772665732
0.310546875 0.09611914398608222
0.3115234375 0.09673258346039264
0.3125 0.09734733009662161
0.3134765625 0.09796337783100545
0.314453125 0.09858072058903193
0.3154296875 0.09919935228548875
0.31640625 0.09981926682451003
0.3173828125 0.10044045809962754
0.318359375 0.10106291999381663
0.3193359375 0.10168664637954546
0.3203125 0.10231163111882674
0.3212890625 0.10293786806326093
0.322265625 0.10356535105409047
0.3232421875 0.10419407392224529
0.32421875 0.1048240304883959
0.3251953125 0.10545521456299756
0.326171875 0.10608761994634393
0.3271484375 0.106721240428616
0.328125 0.10735606978992995
0.3291015625 0.10799210180038761
0.330078125 0.10862933022012843
0.3310546875 0.10926774879937613
0.33203125 0.10990735127849154
0.3330078125 0.11054813138802176
0.333984375 0.11119008284875086
0.3349609375 0.11183319937174918
0.3359375 0.1124774746584257
0.3369140625 0.1131229024005773
0.337890625 0.11376947628044068
0.3388671875 0.11441718997074177
0.33984375 0.11506603713474915
0.3408203125 0.11571601142632186
0.341796875 0.11636710648996375
0.3427734375 0.11701931596087234
0.34375 0.1176726334649922
0.3447265625 0.11832705261906548
0.345703125 0.11898256703068341
0.3466796875 0.11963917029833879
0.34765625 0.1202968560114768
0.3486328125 0.12095561775054751
0.349609375 0.12161544908705839
0.3505859375 0.12227634358362563
0.3515625 0.12293829479402649
0.3525390625 0.12360129626325192
0.353515625 0.12426534152755961
0.3544921875 0.12493042411452454
0.35546875 0.1255965375430941
0.3564453125 0.12626367532363905
0.357421875 0.12693183095800675
0.3583984375 0.12760099793957438
0.359375 0.12827116975330177
0.3603515625 0.1289423398757849
0.361328125 0.12961450177530776
0.3623046875 0.1302876489118975
0.36328125 0.1309617747373765
0.3642578125 0.13163687269541605
0.365234375 0.13231293622159096
0.3662109375 0.13298995874343122
0.3671875 0.13366793368047755
0.3681640625 0.13434685444433417
0.369140625 0.13502671443872397
0.3701171875 0.13570750705954088
0.37109375 0.13638922569490416
0.3720703125 0.13707186372521432
0.373046875 0.13775541452320592
0.3740234375 0.13843987145400224
0.375 0.13912522787516898
0.3759765625 0.1398114771367704
0.376953125 0.14049861258142274
0.3779296875 0.1411866275443491
0.37890625 0.141875515353434
0.3798828125 0.14256526932927907
0.380859375 0.1432558827852572
0.3818359375 0.1439473490275678
0.3828125 0.14463966135529152
0.3837890625 0.14533281306044657
0.384765625 0.14602679742804203
0.3857421875 0.14672160773613535
0.38671875 0.14741723725588665
0.3876953125 0.14811367925161306
0.388671875 0.14881092698084672
0.3896484375 0.14950897369438862
0.390625 0.15020781263636526
0.3916015625 0.15090743704428308
0.392578125 0.1516078401490864
0.3935546875 0.15230901517521114
0.39453125 0.1530109553406425
0.3955078125 0.15371365385696992
0.396484375 0.15441710392944394
0.3974609375 0.15512129875703182
0.3984375 0.15582623153247488
0.3994140625 0.15653189544234272
0.400390625 0.15723828366709272
0.4013671875 0.15794538938112287
0.40234375 0.15865320575283198
0.4033203125 0.1593617259446733
0.404296875 0.16007094311321354
0.4052734375 0.16078085040918708
0.40625 0.16149144097755508
0.4072265625 0.162202707957562
0.408203125 0.16291464448279078
0.4091796875 0.16362724368122208
0.41015625 0.16434049867528985
0.4111328125 0.16505440258193854
0.412109375 0.1657689485126813
0.4130859375 0.1664841295736567
0.4140625 0.1671999388656848
0.4150390625 0.16791636948432676
0.416015625 0.16863341451994068
0.4169921875 0.16935106705773909
0.41796875 0.1700693201778473
0.4189453125 0.17078816695536092
0.419921875 0.17150760046040175
0.4208984375 0.17222761375817836
0.421875 0.17294819990904192
0.4228515625 0.1736693519685431
0.423828125 0.17439106298749382
0.4248046875 0.17511332601201973
0.42578125 0.17583613408362267
0.4267578125 0.1765594802392367
0.427734375 0.17728335751128607
0.4287109375 0.17800775892774454
0.4296875 0.1787326775121915
0.4306640625 0.17945810628387193
0.431640625 0.18018403825775473
0.4326171875 0.18091046644458952
0.43359375 0.18163738385096626
0.4345703125 0.1823647834793725
0.435546875 0.18309265832825364
0.4365234375 0.18382100139206928
0.4375 0.184549805661354
0.4384765625 0.18527906412277298
0.439453125 0.18600876975918368
0.4404296875 0.18673891554969307
0.44140625 0.1874694944697152
0.4423828125 0.1882004994910321
0.443359375 0.1889319235818515
0.4443359375 0.18966375970686505
0.4453125 0.19039600082730893
0.4462890625 0.19112863990101997
0.447265625 0.1918616698824976
0.4482421875 0.19259508372296075
0.44921875 0.19332887437040783
0.4501953125 0.19406303476967499
0.451171875 0.19479755786249636
0.4521484375 0.19553243658756186
0.453125 0.19626766388057643
0.4541015625 0.19700323267432046
0.455078125 0.19773913589870842
0.4560546875 0.19847536648084693
0.45703125 0.19921191734509497
0.4580078125 0.19994878141312408
0.458984375 0.2006859516039756
0.4599609375 0.20142342083412235
0.4609375 0.20216118201752528
0.4619140625 0.2028992280656954
0.462890625 0.20363755188775245
0.4638671875 0.2043761463904825
0.46484375 0.20511500447840159
0.4658203125 0.20585411905381001
0.466796875 0.20659348301685598
0.4677734375 0.20733308926559404
0.46875 0.20807293069604244
0.4697265625 0.20881300020224666
0.470703125 0.20955329067633532
0.4716796875 0.2102937950085829
0.47265625 0.21103450608746718
0.4736328125 0.21177541679972908
0.474609375 0.2125165200304336
0.4755859375 0.21325780866302968
0.4765625 0.213999275579408
0.4775390625 0.2147409136599616
0.478515625 0.2154827157836474
0.4794921875 0.21622467482804333
0.48046875 0.21696678366940997
0.4814453125 0.21770903518274867
0.482421875 0.21845142224186384
0.4833984375 0.21919393771942
0.484375 0.219936574487004
0.4853515625 0.22067932541518342
0.486328125 0.22142218337356676
0.4873046875 0.222165141230864
0.48828125 0.2229081918549453
0.4892578125 0.22365132811290117
0.490234375 0.2243945428711048
0.4912109375 0.22513782899526694
0.4921875 0.22588117935050195
0.4931640625 0.22662458680138184
0.494140625 0.22736804421200107
0.4951171875 0.22811154444603288
0.49609375 0.22885508036679214
0.4970703125 0.22959864483729253
0.498046875 0.23034223072030907
0.4990234375 0.23108583087843612
0.5 0.23182943817414808
0.5009765625 0.2325730454698604
0.501953125 0.23331664562798746
0.5029296875 0.234060231511004
0.50390625 0.23480379598150405
0.5048828125 0.23554733190226332
0.505859375 0.2362908321362951
0.5068359375 0.23703428954691436
0.5078125 0.23777769699779458
0.5087890625 0.23852104735302926
0.509765625 0.23926433347719175
0.5107421875 0.24000754823539502
0.51171875 0.24075068449335127
0.5126953125 0.2414937351174322
0.513671875 0.24223669297472944
0.5146484375 0.24297955093311277
0.515625 0.2437223018612922
0.5166015625 0.24446493862887653
0.517578125 0.24520745410643272
0.5185546875 0.24594984116554752
0.51953125 0.2466920926788866
0.5205078125 0.24743420152025283
0.521484375 0.24817616056464878
0.5224609375 0.2489179626883346
0.5234375 0.24965960076888852
0.5244140625 0.25040106768526654
0.525390625 0.25114235631786264
0.5263671875 0.2518834595485671
0.52734375 0.25262437026082935
0.5283203125 0.2533650813397133
0.529296875 0.25410558567196084
0.5302734375 0.25484587614604987
0.53125 0.2555859456522538
0.5322265625 0.2563257870827025
0.533203125 0.2570653933314402
0.5341796875 0.2578047572944862
0.53515625 0.25854387186989497
0.5361328125 0.2592827299578137
0.537109375 0.26002132446054405
0.5380859375 0.2607596482826011
0.5390625 0.26149769433077125
0.5400390625 0.2622354555141742
0.541015625 0.2629729247443206
0.5419921875 0.2637100949351721
0.54296875 0.2644469590032012
0.5439453125 0.2651835098674496
0.544921875 0.26591974044958777
0.5458984375 0.2666556436739757
0.546875 0.26739121246771974
0.5478515625 0.2681264397607347
0.548828125 0.2688613184857998
0.5498046875 0.2695958415786212
0.55078125 0.2703300019778887
0.5517578125 0.2710637926253354
0.552734375 0.27179720646579897
0.5537109375 0.2725302364472762
0.5546875 0.2732628755209876
0.5556640625 0.2739951166414311
0.556640625 0.27472695276644504
0.5576171875 0.2754583768572641
0.55859375 0.276189381878581
0.5595703125 0.2769199607986031
0.560546875 0.2776501065891125
0.5615234375 0.2783798122255232
0.5625 0.2791090706869425
0.5634765625 0.2798378749562269
0.564453125 0.2805662180200429
0.5654296875 0.28129409286892404
0.56640625 0.2820214924973303
0.5673828125 0.28274840990370703
0.568359375 0.2834748380905418
0.5693359375 0.2842007700644243
0.5703125 0.28492619883610504
0.5712890625 0.285651117420552
0.572265625 0.2863755188370101
0.5732421875 0.2870993961090598
0.57421875 0.28782274226467386
0.5751953125 0.28854555033627677
0.576171875 0.2892678133608027
0.5771484375 0.2899895243797531
0.578125 0.29071067643925463
0.5791015625 0.29143126259011787
0.580078125 0.2921512758878944
0.5810546875 0.29287070939293564
0.58203125 0.2935895561704489
0.5830078125 0.29430780929055744
0.583984375 0.2950254618283558
0.5849609375 0.2957425068639698
0.5859375 0.29645893748261143
0.5869140625 0.29717474677463984
0.587890625 0.297889927835615
0.5888671875 0.2986044737663577
0.58984375 0.2993183776730067
0.5908203125 0.3000316326670741
0.591796875 0.3007442318655054
0.5927734375 0.3014561683907345
0.59375 0.3021674353707411
0.5947265625 0.30287802593910945
0.595703125 0.303587933235083
0.5966796875 0.30429715040362304
0.59765625 0.3050056705954645
0.5986328125 0.30571348696717365
0.599609375 0.3064205926812038
0.6005859375 0.3071269809059535
0.6015625 0.3078326448158217
0.6025390625 0.3085375775912647
0.603515625 0.3092417724188526
0.6044921875 0.3099452224913263
0.60546875 0.31064792100765404
0.6064453125 0.31134986117308505
0.607421875 0.3120510361992098
0.6083984375 0.3127514393040131
0.609375 0.31345106371193093
0.6103515625 0.3141499026539076
0.611328125 0.3148479493674498
0.6123046875 0.3155451970966833
0.61328125 0.3162416390924097
0.6142578125 0.3169372686121608
0.615234375 0.31763207892025414
0.6162109375 0.31832606328784996
0.6171875 0.3190192149930047
0.6181640625 0.3197115273207287
0.619140625 0.32040299356303936
0.6201171875 0.3210936070190173
0.62109375 0.3217833609948624
0.6220703125 0.3224722488039474
0.623046875 0.3231602637668738
0.6240234375 0.3238473992115258
0.625 0.3245336484731274
0.6259765625 0.3252190048942941
0.626953125 0.32590346182509045
0.6279296875 0.32658701262308204
0.62890625 0.32726965065339236
0.6298828125 0.3279513692887556
0.630859375 0.32863216190957223
0.6318359375 0.329312021903962
0.6328125 0.329990942667819
0.6337890625 0.33066891760486533
0.634765625 0.33134594012670543
0.6357421875 0.3320220036528803
0.63671875 0.33269710161092003
0.6376953125 0.333371227436399
0.638671875 0.33404437457298847
0.6396484375 0.33471653647251165
0.640625 0.3353877065949944
0.6416015625 0.33605787840872214
0.642578125 0.3367270453902898
0.6435546875 0.33739520102465714
0.64453125 0.3380623388052021
0.6455078125 0.3387284522337716
0.646484375 0.3393935348207369
0.6474609375 0.34005758008504444
0.6484375 0.34072058155427004
0.6494140625 0.34138253276467073
0.650390625 0.3420434272612378
0.6513671875 0.3427032585977487
0.65234375 0.34336202033681973
0.6533203125 0.34401970604995774
0.654296875 0.3446763093176128
0.6552734375 0.3453318237292307
0.65625 0.345986242883304
0.6572265625 0.3466395603874242
0.658203125 0.3472917698583326
0.6591796875 0.3479428649219745
0.66015625 0.34859283921354706
0.6611328125 0.34924168637755443
0.662109375 0.3498894000678557
0.6630859375 0.35053597394771924
0.6640625 0.3511814016898705
0.6650390625 0.3518256769765474
0.666015625 0.3524687934995455
0.6669921875 0.3531107449602746
0.66796875 0.35375152506980484
0.6689453125 0.3543911275489204
0.669921875 0.3550295461281681
0.6708984375 0.35566677454790874
0.671875 0.3563028065583666
0.6728515625 0.3569376359196802
0.673828125 0.35757125640195225
0.6748046875 0.358203661785299
0.67578125 0.35883484585990044
0.6767578125 0.3594648024260509
0.677734375 0.3600935252942061
0.6787109375 0.3607210082850356
0.6796875 0.3613472452294698
0.6806640625 0.3619722299687507
0.681640625 0.3625959563544799
0.6826171875 0.363218418248669
0.68359375 0.36383960952378636
0.6845703125 0.3644595240628078
0.685546875 0.3650781557592643
0.6865234375 0.3656954985172911
0.6875 0.36631154625167495
0.6884765625 0.3669262928879039
0.689453125 0.3675397323622143
0.6904296875 0.36815185862163924
0.69140625 0.3687626656240568
0.6923828125 0.36937214733823687
0.693359375 0.3699802977438906
0.6943359375 0.37058711083171525
0.6953125 0.3711925806034445
0.6962890625 0.37179670107189366
0.697265625 0.37239946626100767
0.6982421875 0.3730008702059086
0.69921875 0.37360090695294107
0.7001953125 0.37419957055972075
0.701171875 0.3747968550951796
0.7021484375 0.3753927546396138
0.703125 0.37598726328472876
0.7041015625 0.3765803751336865
0.705078125 0.37717208430115085
0.7060546875 0.37776238491333436
0.70703125 0.37835127110804356
0.7080078125 0.3789387370347246
0.708984375 0.3795247768545099
0.7099609375 0.38010938474026207
0.7109375 0.38069255487662074
0.7119140625 0.3812742814600467
0.712890625 0.3818545586988679
0.7138671875 0.3824333808133232
0.71484375 0.38301074203560803
0.7158203125 0.3835866366099193
0.716796875 0.38416105879249957
0.7177734375 0.38473400285168086
0.71875 0.38530546306793007
0.7197265625 0.3858754337338913
0.720703125 0.38644390915443316
0.7216796875 0.3870108836466886
0.72265625 0.3875763515401008
0.7236328125 0.3881403071764676
0.724609375 0.38870274490998186
0.7255859375 0.38926365910727834
0.7265625 0.38982304414747465
0.7275390625 0.39038089442221346
0.728515625 0.3909372043357082
0.7294921875 0.3914919683047836
0.73046875 0.39204518075891825
0.7314453125 0.39259683614028845
0.732421875 0.39314692890380953
0.7333984375 0.39369545351717716
0.734375 0.3942424044609107
0.7353515625 0.39478777622839506
0.736328125 0.395331563325921
0.7373046875 0.395873760272728
0.73828125 0.3964143616010455
0.7392578125 0.39695336185613267
0.740234375 0.3974907555963214
0.7412109375 0.3980265373930568
0.7421875 0.39856070183093695
0.7431640625 0.3990932435077546
0.744140625 0.39962415703453674
0.7451171875 0.40015343703558615
0.74609375 0.4006810781485202
0.7470703125 0.4012070750243124
0.748046875 0.4017314223273304
0.7490234375 0.40225411473537814
0.75 0.40277514693973177
0.7509765625 0.4032945136451832
0.751953125 0.403812209570077
0.7529296875 0.4043282294463495
0.75390625 0.40484256801956786
0.7548828125 0.40535522004896973
0.755859375 0.40586618030750116
0.7568359375 0.40637544358185484
0.7578125 0.40688300467250854
0.7587890625 0.407388858393764
0.759765625 0.4078929995737839
0.7607421875 0.40839542305463017
0.76171875 0.408896123692301
0.7626953125 0.4093950963567699
0.763671875 0.4098923359320216
0.7646484375 0.41038783731608935
0.765625 0.4108815954210919
0.7666015625 0.41137360517327204
0.767578125 0.4118638615130311
0.7685546875 0.4123523593949654
0.76953125 0.41283909378790473
0.7705078125 0.41332405967494695
0.771484375 0.41380725205349345
0.7724609375 0.41428866593528757
0.7734375 0.414768296346447
0.7744140625 0.41524613832750223
0.775390625 0.41572218693342927
0.7763671875 0.4161964372336862
0.77734375 0.4166688843122497
0.7783203125 0.4171395232676471
0.779296875 0.41760834921299195
0.7802734375 0.41807535727601985
0.78125 0.4185405425991204
0.7822265625 0.4190039003393743
0.783203125 0.41946542566858414
0.7841796875 0.41992511377331176
0.78515625 0.4203829598549086
0.7861328125 0.420838959129551
0.787109375 0.4212931068282724
0.7880859375 0.4217453981969987
0.7890625 0.422195828496578
0.7900390625 0.42264439300281625
0.791015625 0.4230910870065078
0.7919921875 0.42353590581346934
0.79296875 0.42397884474457065
0.7939453125 0.42441989913576844
0.794921875 0.4248590643381369
0.7958984375 0.42529633571789965
0.796875 0.42573170865646215
0.7978515625 0.4261651785504416
0.798828125 0.4265967408116991
0.7998046875 0.42702639086737093
0.80078125 0.4274541241598986
0.8017578125 0.42787993614706
0.802734375 0.4283038223019997
0.8037109375 0.4287257781132597
0.8046875 0.42914579908480854
0.8056640625 0.42956388073607116
0.806640625 0.42998001860196017
0.8076171875 0.4303942082329056
0.80859375 0.4308064451948812
0.8095703125 0.4312167250694365
0.810546875 0.4316250434537258
0.8115234375 0.43203139596053447
0.8125 0.43243577821831114
0.8134765625 0.4328381858711928
0.814453125 0.43323861457903606
0.8154296875 0.4336370600174431
0.81640625 0.4340335178777899
0.8173828125 0.4344279838672554
0.818359375 0.4348204537088474
0.8193359375 0.43521092314143084
0.8203125 0.4355993879197541
0.8212890625 0.4359858438144774
0.822265625 0.4363702866121981
0.8232421875 0.4367527121154781
0.82421875 0.4371331161428703
0.8251953125 0.43751149452894406
0.826171875 0.43788784312431306
0.8271484375 0.43826215779565886
0.828125 0.43863443442575745
0.8291015625 0.43900466891350537
0.830078125 0.43937285717394514
0.8310546875 0.43973899513828785
0.83203125 0.44010307875394206
0.8330078125 0.44046510398453464
0.833984375 0.4408250668099379
0.8349609375 0.44118296322629286
0.8359375 0.44153878924603335
0.8369140625 0.4418925408979105
0.837890625 0.44224421422701604
0.8388671875 0.44259380529480524
0.83984375 0.44294131017912214
0.8408203125 0.4432867249742202
0.841796875 0.4436300457907878
0.8427734375 0.44397126875596926
0.84375 0.44431039001338785
0.8447265625 0.4446474057231686
0.845703125 0.44498231206195976
0.8466796875 0.4453151052229561
0.84765625 0.4456457814159193
0.8486328125 0.44597433686719906
0.849609375 0.44630076781975747
0.8505859375 0.44662507053318734
0.8515625 0.44694724128373386
0.8525390625 0.4472672763643156
0.853515625 0.44758517208454596
0.8544921875 0.4479009247707528
0.85546875 0.44821453076599754
0.8564453125 0.44852598643009844
0.857421875 0.4488352881396462
0.8583984375 0.44914243228802686
0.859375 0.44944741528543963
0.8603515625 0.4497502335589173
0.861328125 0.45005088355234313
0.8623046875 0.4503493617264734
0.86328125 0.45064566455895055
0.8642578125 0.45093978854432754
0.865234375 0.45123173019408186
0.8662109375 0.4515214860366352
0.8671875 0.4518090526173713
0.8681640625 0.4520944264986532
0.869140625 0.45237760425984047
0.8701171875 0.4526585824973077
0.87109375 0.45293735782445954
0.8720703125 0.4532139268717481
0.873046875 0.4534882862866918
0.8740234375 0.453760432733888
0.875 0.45403036289503235
0.8759765625 0.454298073468933
0.876953125 0.45456356117152735
0.8779296875 0.45482682273589675
0.87890625 0.4550878549122829
0.8798828125 0.455346654468103
0.880859375 0.4556032181879624
0.8818359375 0.45585754287367286
0.8828125 0.4561096253442659
0.8837890625 0.45635946243600456
0.884765625 0.45660705100240195
0.8857421875 0.4568523879142326
0.88671875 0.4570954700595451
0.8876953125 0.45733629434367873
0.888671875 0.45757485768927514
0.8896484375 0.45781115703629033
0.890625 0.45804518934201094
0.8916015625 0.4582769515810624
0.892578125 0.45850644074542557
0.8935546875 0.4587336538444465
0.89453125 0.45895858790485045
0.8955078125 0.4591812399707512
0.896484375 0.4594016071036664
0.8974609375 0.45961968638252415
0.8984375 0.45983547490367893
0.8994140625 0.4600489697809202
0.900390625 0.46026016814548454
0.9013671875 0.46046906714606445
0.90234375 0.46067566394882065
0.9033203125 0.46087995573739193
0.904296875 0.4610819397129031
0.9052734375 0.4612816130939786
0.90625 0.4614789731167493
0.9072265625 0.4616740170348617
0.908203125 0.46186674211948986
0.9091796875 0.46205714565934153
0.91015625 0.46224522496066794
0.9111328125 0.46243097734727256
0.912109375 0.4626144001605196
0.9130859375 0.4627954907593416
0.9140625 0.46297424652024705
0.9150390625 0.4631506648373307
0.916015625 0.4633247431222774
0.9169921875 0.46349647880437084
0.91796875 0.46366586933050236
0.9189453125 0.46383291216517514
0.919921875 0.4639976047905139
0.9208984375 0.4641599447062673
0.921875 0.46431992942981803
0.9228515625 0.4644775564961869
0.923828125 0.46463282345804047
0.9248046875 0.4647857278856926
0.92578125 0.4649362673671159
0.9267578125 0.46508443950794054
0.927734375 0.46523024193146595
0.9287109375 0.46537367227865906
0.9296875 0.46551472820816364
0.9306640625 0.46565340739630234
0.931640625 0.46578970753708215
0.9326171875 0.46592362634219614
0.93359375 0.46605516154103055
0.9345703125 0.46618431088066603
0.935546875 0.4663110721258808
0.9365234375 0.46643544305915535
0.9375 0.46655742148067475
0.9384765625 0.4666770052083296
0.939453125 0.4667941920777215
0.9404296875 0.4669089799421632
0.94140625 0.46702136667268107
0.9423828125 0.46713135015801743
0.943359375 0.46723892830463254
0.9443359375 0.4673440990367044
0.9453125 0.46744686029613214
0.9462890625 0.4675472100425353
0.947265625 0.46764514625325576
0.9482421875 0.4677406669233568
0.94921875 0.46783377006562643
0.9501953125 0.4679244537105741
0.951171875 0.4680127159064329
0.9521484375 0.4680985547191592
0.953125 0.4681819682324308
0.9541015625 0.4682629545476481
0.955078125 0.4683415117839317
0.9560546875 0.46841763807812287
0.95703125 0.4684913315847799
0.9580078125 0.46856259047617993
0.958984375 0.4686314129423141
0.9599609375 0.46869779719088744
0.9609375 0.4687617414473162
0.9619140625 0.46882324395472597
0.962890625 0.46888230297394773
0.9638671875 0.4689389167835185
0.96484375 0.4689930836796731
0.9658203125 0.4690448019763459
0.966796875 0.4690940700051649
0.9677734375 0.46914088611544924
0.96875 0.46918524867420397
0.9697265625 0.4692271560661184
0.970703125 0.46926660669355974
0.9716796875 0.46930359897656887
0.97265625 0.4693381313528573
0.9736328125 0.4693702022778022
0.974609375 0.46939981022443883
0.9755859375 0.46942695368345805
0.9765625 0.46945163116319993
0.9775390625 0.46947384118964774
0.978515625 0.469493582306422
0.9794921875 0.46951085307477636
0.98046875 0.4695256520735889
0.9814453125 0.46953797789935586
0.982421875 0.4695478291661875
0.9833984375 0.46955520450579813
0.984375 0.4695601025675003
0.9853515625 0.46956252201819815
0.986328125 0.469562461542379
0.9873046875 0.46955991984210516
0.98828125 0.469554895637009
0.9892578125 0.4695473876642801
0.990234375 0.4695373946786607
0.9912109375 0.4695249154524362
0.9921875 0.46950994877542584
0.9931640625 0.4694924934549746
0.994140625 0.4694725483159419
0.9951171875 0.469450112200696
0.99609375 0.4694251839691016
0.9970703125 0.4693977624985105
0.998046875 0.4693678466837535
0.9990234375 0.4693354354371265
1.0 0.4693005276883852
