0.0 0.0
0.0009765625 1.3530637069874518e-06
0.001953125 5.41224821373038e-06
0.0029296875 1.2177533676698542e-05
0.00390625 2.164888702427162e-05
0.0048828125 3.382626195656485e-05
0.005859375 4.870959894647537e-05
0.0068359375 6.629882524003098e-05
0.0078125 8.659385485830853e-05
0.0087890625 0.00010959458859795704
0.009765625 0.0001353009140330289
0.0107421875 0.0001637127055164621
0.01171875 0.0001948298241819987
0.0126953125 0.00022865211794619026
0.013671875 0.00026517942151057773
0.0146484375 0.0003044115563643947
0.015625 0.0003463483307865727
0.0166015625 0.00039098953984940374
0.017578125 0.0004383349654207199
0.0185546875 0.0004883843761676431
0.01953125 0.000541137527559724
0.0205078125 0.0005965941618726043
0.021484375 0.0006547540081918534
0.0224609375 0.0007156167824167178
0.0234375 0.0007791821872645683
0.0244140625 0.0008454499122749981
0.025390625 0.0009144196338146186
0.0263671875 0.0009860910150815939
0.02734375 0.0010604637061106975
0.0283203125 0.0011375373437783709
0.029296875 0.0012173115518081283
0.0302734375 0.0012997859407758773
0.03125 0.001384960108116021
0.0322265625 0.001472833638126691
0.033203125 0.0015634061019766353
0.0341796875 0.0016566770577107121
0.03515625 0.0017526460502570397
0.0361328125 0.0018513126114332744
0.037109375 0.0019526762599534997
0.0380859375 0.0020567365014352887
0.0390625 0.0021634928284070287
0.0400390625 0.002272944720315246
0.041015625 0.0023850916435321926
0.0419921875 0.0024999330513639528
0.04296875 0.002617468384057858
0.0439453125 0.0027376970688112933
0.044921875 0.002860618519779543
0.0458984375 0.0029862321380849477
0.046875 0.0031145373118248395
0.0478515625 0.0032455334160814823
0.048828125 0.003379219812930267
0.0498046875 0.0035155958514494793
0.05078125 0.003654660867730065
0.0517578125 0.0037964141848847847
0.052734375 0.003940855113058419
0.0537109375 0.004087982949437615
0.0546875 0.004237796978261709
0.0556640625 0.00439029647083222
0.056640625 0.004545480685524193
0.0576171875 0.004703348867797358
0.05859375 0.004863900250205806
0.0595703125 0.00502713405241055
0.060546875 0.005193049481190159
0.0615234375 0.00536164573045262
0.0625 0.005532921981246845
0.0634765625 0.0057068774017748816
0.064453125 0.005883511147403767
0.0654296875 0.006062822360678092
0.06640625 0.006244810171332201
0.0673828125 0.006429473696303099
0.068359375 0.006616812039743274
0.0693359375 0.0068068242930336845
0.0703125 0.006999509534796751
0.0712890625 0.0071948668309102255
0.072265625 0.007392895234520529
0.0732421875 0.0075935937860564405
0.07421875 0.007796961513243051
0.0751953125 0.008002997431116238
0.076171875 0.008211700542036354
0.0771484375 0.00842306983570357
0.078125 0.008637104289171488
0.0791015625 0.008853802866862916
0.080078125 0.0090731645205846
0.0810546875 0.00929518818954206
0.08203125 0.009519872800355447
0.0830078125 0.009747217267075078
0.083984375 0.00997722049119694
0.0849609375 0.010209881361678748
0.0859375 0.010445198754955984
0.0869140625 0.010683171534958288
0.087890625 0.010923798553125858
0.0888671875 0.01116707864842592
0.08984375 0.011413010647369914
0.0908203125 0.01166159336403006
0.091796875 0.01191282560005679
0.0927734375 0.012166706144695767
0.09375 0.012423233774805916
0.0947265625 0.012682407254876528
0.095703125 0.012944225337045303
0.0966796875 0.013208686761116929
0.09765625 0.013475790254580252
0.0986328125 0.013745534532627378
0.099609375 0.014017918298171981
0.1005859375 0.014292940241868052
0.1015625 0.014570599042128736
0.1025390625 0.01485089336514551
0.103515625 0.015133821864907278
0.1044921875 0.015419383183219651
0.10546875 0.01570757594972473
0.1064453125 0.015998398781920824
0.107421875 0.016291850285182048
0.1083984375 0.016587929052778762
0.109375 0.016886633665897672
0.1103515625 0.017187962693662094
0.111328125 0.017491914693152606
0.1123046875 0.0177984882094277
0.11328125 0.01810768177554474
0.1142578125 0.018419493912581384
0.115234375 0.018733923129655917
0.1162109375 0.01905096792394948
0.1171875 0.01937062678072718
0.1181640625 0.019692898173359775
0.119140625 0.02001778056334595
0.1201171875 0.02034527240033382
0.12109375 0.02067537212214328
0.1220703125 0.021008078154788994
0.123046875 0.021343388912501697
0.1240234375 0.021681302797751732
0.125 0.02202181820127189
0.1259765625 0.022364933502079815
0.126953125 0.022710647067501564
0.1279296875 0.02305895725319522
0.12890625 0.02340986240317349
0.1298828125 0.02376336084982811
0.130859375 0.02411945091395296
0.1318359375 0.02447813090476855
0.1328125 0.02483939911994611
0.1337890625 0.025203253845631032
0.134765625 0.025569693356468158
0.1357421875 0.025938715915626017
0.13671875 0.026310319774821168
0.1376953125 0.026684503174343382
0.138671875 0.027061264343080937
0.1396484375 0.027440601498544773
0.140625 0.027822512846895
0.1416015625 0.028206996582965223
0.142578125 0.028594050890289043
0.1435546875 0.028983673941125013
0.14453125 0.029375863896483306
0.1455078125 0.02977061890615101
0.146484375 0.030167937108718446
0.1474609375 0.0305678166316064
0.1484375 0.030970255591090862
0.1494140625 0.03137525209233138
0.150390625 0.03178280422939668
0.1513671875 0.0321929100852919
0.15234375 0.03260556773198584
0.1533203125 0.0330207752304377
0.154296875 0.033438530630624755
0.1552734375 0.033858831971569754
0.15625 0.034281677281368404
0.1572265625 0.034707064577217
0.158203125 0.03513499186544065
0.1591796875 0.03556545714152114
0.16015625 0.035998458390124714
0.1611328125 0.03643399358513103
0.162109375 0.03687206068966099
0.1630859375 0.03731265765610559
0.1640625 0.0377557824261546
0.1650390625 0.038201432930825265
0.166015625 0.038649607090491346
0.1669921875 0.03910030281491231
0.16796875 0.03955351800326221
0.1689453125 0.04000925054415943
0.169921875 0.040467498315696016
0.1708984375 0.04092825918546696
0.171875 0.04139153101060042
0.1728515625 0.041857311637787775
0.173828125 0.04232559890331263
0.1748046875 0.042796390633082014
0.17578125 0.04326968464265591
0.1767578125 0.043745478737277896
0.177734375 0.04422377071190599
0.1787109375 0.04470455835124232
0.1796875 0.04518783942976511
0.1806640625 0.04567361171175824
0.181640625 0.046161872951343504
0.1826171875 0.046652620892510877
0.18359375 0.047145853269149655
0.1845703125 0.04764156780508077
0.185546875 0.048139762214087084
0.1865234375 0.048640434199945716
0.1875 0.04914358145645953
0.1884765625 0.04964920166748913
0.189453125 0.05015729250698426
0.1904296875 0.05066785163901658
0.19140625 0.05118087671781133
0.1923828125 0.051696365387779844
0.193359375 0.052214315283551714
0.1943359375 0.05273472403000779
0.1953125 0.05325758924231196
0.1962890625 0.053782908525944764
0.197265625 0.05431067947673588
0.1982421875 0.05484089968089658
0.19921875 0.055373566715053744
0.2001953125 0.05590867814628246
0.201171875 0.05644623153213906
0.2021484375 0.05698622442069517
0.203125 0.057528654350570516
0.2041015625 0.058073518850967176
0.205078125 0.058620815441702404
0.2060546875 0.059170541633243534
0.20703125 0.05972269492674091
0.2080078125 0.060277272814062303
0.208984375 0.06083427277782718
0.2099609375 0.06139369229144053
0.2109375 0.06195552881912734
0.2119140625 0.06251977981596697
0.212890625 0.06308644272792806
0.2138671875 0.06365551499190203
0.21484375 0.06422699403573907
0.2158203125 0.06480087727828214
0.216796875 0.06537716212940205
0.2177734375 0.06595584599003233
0.21875 0.06653692625220477
0.2197265625 0.06712040029908367
0.220703125 0.06770626550500217
0.2216796875 0.06829451923549677
0.22265625 0.06888515884734314
0.2236328125 0.06947818168859146
0.224609375 0.07007358509860225
0.2255859375 0.0706713664080821
0.2265625 0.07127152293911891
0.2275390625 0.07187405200521861
0.228515625 0.07247895091134052
0.2294921875 0.07308621695393311
0.23046875 0.0736958474209713
0.2314453125 0.07430783959199166
0.232421875 0.07492219073812854
0.2333984375 0.07553889812215148
0.234375 0.07615795899850064
0.2353515625 0.07677937061332414
0.236328125 0.07740313020451395
0.2373046875 0.07802923500174305
0.23828125 0.07865768222650199
0.2392578125 0.0792884690921358
0.240234375 0.07992159280388123
0.2412109375 0.08055705055890298
0.2421875 0.08119483954633137
0.2431640625 0.08183495694729939
0.244140625 0.08247739993497986
0.2451171875 0.08312216567462269
0.24609375 0.08376925132359225
0.2470703125 0.0844186540314046
0.248046875 0.08507037093976552
0.2490234375 0.08572439918260757
0.25 0.08638073588612785
0.2509765625 0.08703937816882572
0.251953125 0.08770032314154073
0.2529296875 0.08836356790749016
0.25390625 0.08902910956230704
0.2548828125 0.08969694519407823
0.255859375 0.09036707188338232
0.2568359375 0.0910394867033275
0.2578125 0.0917141867195902
0.2587890625 0.0923911689904528
0.259765625 0.09307043056684215
0.2607421875 0.09375196849236787
0.26171875 0.09443577980336071
0.2626953125 0.09512186152891103
0.263671875 0.09581021069090705
0.2646484375 0.09650082430407354
0.265625 0.09719369937601076
0.2666015625 0.09788883290723245
0.267578125 0.0985862218912052
0.2685546875 0.09928586331438664
0.26953125 0.09998775415626454
0.2705078125 0.10069189138939579
0.271484375 0.1013982719794452
0.2724609375 0.10210689288522408
0.2734375 0.10281775105872974
0.2744140625 0.10353084344518443
0.275390625 0.10424616698307441
0.2763671875 0.10496371860418892
0.27734375 0.10568349523365952
0.2783203125 0.1064054937899993
0.279296875 0.10712971118514239
0.2802734375 0.10785614432448293
0.28125 0.10858479010691403
0.2822265625 0.10931564542486873
0.283203125 0.11004870716435725
0.2841796875 0.11078397220500852
0.28515625 0.1115214374201081
0.2861328125 0.11226109967663878
0.287109375 0.11300295583531968
0.2880859375 0.11374700275064606
0.2890625 0.11449323727092849
0.2900390625 0.1152416562383336
0.291015625 0.11599225648892264
0.2919921875 0.11674503485269185
0.29296875 0.11749998815361214
0.2939453125 0.11825711320966899
0.294921875 0.11901640683290213
0.2958984375 0.11977786582944541
0.296875 0.12054148699956684
0.2978515625 0.12130726713770833
0.298828125 0.12207520303252606
0.2998046875 0.12284529146692993
0.30078125 0.12361752921812395
0.3017578125 0.12439191305764585
0.302734375 0.12516843975140765
0.3037109375 0.1259471060597355
0.3046875 0.12672790873740955
0.3056640625 0.12751084453370454
0.306640625 0.1282959101924295
0.3076171875 0.12908310245196825
0.30859375 0.12987241804531877
0.3095703125 0.13066385370013528
0.310546875 0.1314574061387657
0.3115234375 0.13225307207829465
0.3125 0.13305084823058153
0.3134765625 0.13385073130230207
0.314453125 0.13465271799498796
0.3154296875 0.13545680500506752
0.31640625 0.13626298902390538
0.3173828125 0.137071266737844
0.318359375 0.1378816348282423
0.3193359375 0.1386940899715171
0.3203125 0.13950862883918383
0.3212890625 0.1403252480978953
0.322265625 0.14114394440948366
0.3232421875 0.1419647144309995
0.32421875 0.14278755481475353
0.3251953125 0.14361246220835544
0.326171875 0.14443943325475506
0.3271484375 0.14526846459228343
0.328125 0.14609955285469142
0.3291015625 0.14693269467119158
0.330078125 0.14776788666649793
0.3310546875 0.14860512546086652
0.33203125 0.14944440767013523
0.3330078125 0.15028572990576497
0.333984375 0.1511290887748796
0.3349609375 0.15197448088030616
0.3359375 0.15282190282061575
0.3369140625 0.15367135119016284
0.337890625 0.15452282257912722
0.3388671875 0.15537631357355244
0.33984375 0.1562318207553881
0.3408203125 0.15708934070252828
0.341796875 0.15794886998885335
0.3427734375 0.15881040518426945
0.34375 0.15967394285474887
0.3447265625 0.1605394795623709
0.345703125 0.16140701186536116
0.3466796875 0.1622765363181326
0.34765625 0.16314804947132566
0.3486328125 0.1640215478718481
0.349609375 0.16489702806291553
0.3505859375 0.16577448658409125
0.3515625 0.1666539199713274
0.3525390625 0.1675353247570038
0.353515625 0.16841869746996896
0.3544921875 0.16930403463557975
0.35546875 0.1701913327757422
0.3564453125 0.17108058840895068
0.357421875 0.17197179805032864
0.3583984375 0.17286495821166817
0.359375 0.17376006540147063
0.3603515625 0.1746571161249859
0.361328125 0.1755561068842529
0.3623046875 0.17645703417813924
0.36328125 0.17735989450238168
0.3642578125 0.1782646843496251
0.365234375 0.17917140020946312
0.3662109375 0.1800800385684777
0.3671875 0.18099059591027922
0.3681640625 0.18190306871554524
0.369140625 0.18281745346206194
0.3701171875 0.1837337466247625
0.37109375 0.184651944675767
0.3720703125 0.18557204408442257
0.373046875 0.1864940413173428
0.3740234375 0.18741793283844718
0.375 0.18834371510900064
0.3759765625 0.18927138458765339
0.376953125 0.19020093773047989
0.3779296875 0.1911323709910192
0.37890625 0.19206568082031325
0.3798828125 0.19300086366694702
0.380859375 0.1939379159770877
0.3818359375 0.19487683419452376
0.3828125 0.19581761476070458
0.3837890625 0.19676025411477943
0.384765625 0.19770474869363638
0.3857421875 0.1986510949319424
0.38671875 0.1995992892621812
0.3876953125 0.2005493281146932
0.388671875 0.20150120791771414
0.3896484375 0.20245492509741417
0.390625 0.20341047607793664
0.3916015625 0.204367857281437
0.392578125 0.20532706512812207
0.3935546875 0.206288096036288
0.39453125 0.20725094642235956
0.3955078125 0.20821561270092875
0.396484375 0.2091820912847933
0.3974609375 0.21015037858499527
0.3984375 0.21112047101086004
0.3994140625 0.21209236497003373
0.400390625 0.21306605686852279
0.4013671875 0.2140415431107316
0.40234375 0.21501882009950132
0.4033203125 0.21599788423614757
0.404296875 0.21697873192049935
0.4052734375 0.21796135955093632
0.40625 0.21894576352442793
0.4072265625 0.21993194023657062
0.408203125 0.22091988608162616
0.4091796875 0.2219095974525599
0.41015625 0.22290107074107768
0.4111328125 0.22389430233766483
0.412109375 0.22488928863162305
0.4130859375 0.2258860260111084
0.4140625 0.22688451086316927
0.4150390625 0.2278847395737832
0.416015625 0.22888670852789508
0.4169921875 0.22989041410945435
0.41796875 0.23089585270145221
0.4189453125 0.23190302068595936
0.419921875 0.23291191444416287
0.4208984375 0.23392253035640329
0.421875 0.23493486480221257
0.4228515625 0.23594891416034974
0.423828125 0.23696467480883993
0.4248046875 0.23798214312500848
0.42578125 0.23900131548552087
0.4267578125 0.24002218826641705
0.427734375 0.24104475784314974
0.4287109375 0.2420690205906201
0.4296875 0.2430949728832152
0.4306640625 0.24412261109484326
0.431640625 0.2451519315989718
0.4326171875 0.24618293076866246
0.43359375 0.2472156049766082
0.4345703125 0.24824995059516872
0.435546875 0.24928596399640798
0.4365234375 0.25032364155212866
0.4375 0.2513629796339093
0.4384765625 0.2524039746131401
0.439453125 0.25344662286105774
0.4404296875 0.25449092074878277
0.44140625 0.25553686464735376
0.4423828125 0.25658445092776433
0.443359375 0.2576336759609973
0.4443359375 0.25868453611806147
0.4453125 0.259737027770026
0.4462890625 0.2607911472880562
0.447265625 0.26184689104344855
0.4482421875 0.26290425540766627
0.44921875 0.2639632367523735
0.4501953125 0.26502383144947167
0.451171875 0.2660860358711329
0.4521484375 0.2671498463898357
0.453125 0.2682152593783996
0.4541015625 0.2692822712100192
0.455078125 0.27035087825830045
0.4560546875 0.27142107689729245
0.45703125 0.2724928635015246
0.4580078125 0.2735662344460387
0.458984375 0.2746411861064247
0.4599609375 0.27571771485885416
0.4609375 0.276795817080114
0.4619140625 0.27787548914764165
0.462890625 0.2789567274395578
0.4638671875 0.28003952833469986
0.46484375 0.28112388821265766
0.4658203125 0.28220980345380486
0.466796875 0.28329727043933356
0.4677734375 0.2843862855512879
0.46875 0.28547684517259647
0.4697265625 0.28656894568710695
0.470703125 0.2876625834796175
0.4716796875 0.28875775493591166
0.47265625 0.28985445644279023
0.4736328125 0.29095268438810423
0.474609375 0.29205243516078777
0.4755859375 0.2931537051508917
0.4765625 0.29425649074961435
0.4775390625 0.29536078834933555
0.478515625 0.29646659434364836
0.4794921875 0.2975739051273922
0.48046875 0.29868271709668365
0.4814453125 0.2997930266489499
0.482421875 0.3009048301829603
0.4833984375 0.3020181240988581
0.484375 0.3031329047981927
0.4853515625 0.30424916868395085
0.486328125 0.305366912160589
0.4873046875 0.3064861316340644
0.48828125 0.30760682351186647
0.4892578125 0.3087289842030483
0.490234375 0.3098526101182583
0.4912109375 0.31097769766977046
0.4921875 0.31210424327151626
0.4931640625 0.31323224333911515
0.494140625 0.3143616942899056
0.4951171875 0.3154925925429755
0.49609375 0.31662493451919355
0.4970703125 0.3177587166412387
0.498046875 0.3188939353336321
0.4990234375 0.3200305870227659
0.5 0.32116866813693434
0.5009765625 0.32230817510636367
0.501953125 0.32344910436324253
0.5029296875 0.3245914523417514
0.50390625 0.32573521547809203
0.5048828125 0.32688039021051896
0.505859375 0.3280269729793665
0.5068359375 0.32917496022708087
0.5078125 0.3303243483982477
0.5087890625 0.33147513393962236
0.509765625 0.3326273133001582
0.5107421875 0.33378088293103725
0.51171875 0.33493583928569715
0.5126953125 0.3360921788198618
0.513671875 0.3372498979915693
0.5146484375 0.33840899326120016
0.515625 0.33956946109150704
0.5166015625 0.34073129794764223
0.517578125 0.3418945002971863
0.5185546875 0.3430590646101765
0.51953125 0.34422498735913476
0.5205078125 0.34539226501909537
0.521484375 0.34656089406763313
0.5224609375 0.3477308709848918
0.5234375 0.34890219225361
0.5244140625 0.35007485435915114
0.525390625 0.35124885378952897
0.5263671875 0.35242418703543554
0.52734375 0.35360085059026924
0.5283203125 0.35477884095016043
0.529296875 0.3559581546139995
0.5302734375 0.35713878808346344
0.53125 0.3583207378630427
0.5322265625 0.3595040004600683
0.533203125 0.36068857238473745
0.5341796875 0.3618744501501404
0.53515625 0.36306163027228744
0.5361328125 0.3642501092701342
0.537109375 0.365439883665608
0.5380859375 0.36663094998363455
0.5390625 0.3678233047521627
0.5400390625 0.3690169445021914
0.541015625 0.37021186576779413
0.5419921875 0.3714080650861453
0.54296875 0.3726055389975459
0.5439453125 0.37380428404544763
0.544921875 0.3750042967764796
0.5458984375 0.3762055737404719
0.546875 0.377408111490482
0.5478515625 0.3786119065828185
0.548828125 0.37981695557706663
0.5498046875 0.3810232550361125
0.55078125 0.3822308015261673
0.5517578125 0.3834395916167926
0.552734375 0.3846496218809239
0.5537109375 0.38586088889489456
0.5546875 0.38707338923846124
0.5556640625 0.3882871194948261
0.556640625 0.38950207625066124
0.5576171875 0.39071825609613314
0.55859375 0.39193565562492516
0.5595703125 0.39315427143426185
0.560546875 0.3943741001249319
0.5615234375 0.3955951383013106
0.5625 0.3968173825713846
0.5634765625 0.3980408295467741
0.564453125 0.3992654758427549
0.5654296875 0.4004913180782825
0.56640625 0.4017183528760138
0.5673828125 0.4029465768623305
0.568359375 0.4041759866673602
0.5693359375 0.4054065789249999
0.5703125 0.40663835027293815
0.5712890625 0.40787129735267563
0.572265625 0.4091054168095492
0.5732421875 0.41034070529275174
0.57421875 0.4115771594553552
0.5751953125 0.41281477595433136
0.576171875 0.4140535514505744
0.5771484375 0.4152934826089204
0.578125 0.4165345660981702
0.5791015625 0.41777679859111
0.580078125 0.4190201767645318
0.5810546875 0.4202646972992549
0.58203125 0.4215103568801469
0.5830078125 0.422757152196143
0.583984375 0.4240050799402678
0.5849609375 0.42525413680965546
0.5859375 0.426504319505569
0.5869140625 0.42775562473342205
0.587890625 0.4290080492027976
0.5888671875 0.43026158962746774
0.58984375 0.43151624272541506
0.5908203125 0.43277200521885056
0.591796875 0.4340288738342338
0.5927734375 0.4352868453022928
0.59375 0.4365459163580425
0.5947265625 0.4378060837408047
0.595703125 0.43906734419422694
0.5966796875 0.44032969446630094
0.59765625 0.4415931313093817
0.5986328125 0.4428576514802067
0.599609375 0.44412325173991374
0.6005859375 0.44538992885406015
0.6015625 0.4466576795926401
0.6025390625 0.44792650073010404
0.603515625 0.44919638904537557
0.6044921875 0.45046734132187055
0.60546875 0.45173935434751455
0.6064453125 0.45301242491475985
0.607421875 0.4542865498206043
0.6083984375 0.45556172586660815
0.609375 0.45683794985891124
0.6103515625 0.4581152186082511
0.611328125 0.45939352892997876
0.6123046875 0.46067287764407705
0.61328125 0.46195326157517713
0.6142578125 0.4632346775525752
0.615234375 0.4645171224102481
0.6162109375 0.46580059298687243
0.6171875 0.4670850861258381
0.6181640625 0.46837059867526676
0.619140625 0.469657127488027
0.6201171875 0.47094466942175
0.62109375 0.47223322133884693
0.6220703125 0.47352278010652354
0.623046875 0.4748133425967962
0.6240234375 0.47610490568650754
0.625 0.4773974662573419
0.6259765625 0.47869102119584084
0.626953125 0.4799855673934184
0.6279296875 0.48128110174637545
0.62890625 0.48257762115591574
0.6298828125 0.4838751225281602
0.630859375 0.485173602774162
0.6318359375 0.4864730588099207
0.6328125 0.4877734875563971
0.6337890625 0.4890748859395276
0.634765625 0.4903772508902388
0.6357421875 0.49168057934446135
0.63671875 0.4929848682431432
0.6376953125 0.4942901145322654
0.638671875 0.4955963151628543
0.6396484375 0.496903467090996
0.640625 0.49821156727784927
0.6416015625 0.49952061268966
0.642578125 0.5008306002977737
0.6435546875 0.502141527078649
0.64453125 0.503453390013871
0.6455078125 0.5047661860901639
0.646484375 0.5060799122994037
0.6474609375 0.5073945656386318
0.6484375 0.5087101431100667
0.6494140625 0.5100266417211169
0.650390625 0.511344058484394
0.6513671875 0.5126623904177231
0.65234375 0.5139816345441571
0.6533203125 0.5153017878919878
0.654296875 0.5166228474947572
0.6552734375 0.5179448103912705
0.65625 0.5192676736256073
0.6572265625 0.5205914342471336
0.658203125 0.5219160893105117
0.6591796875 0.5232416358757142
0.66015625 0.5245680710080322
0.6611328125 0.5258953917780895
0.662109375 0.5272235952618511
0.6630859375 0.5285526785406359
0.6640625 0.5298826387011258
0.6650390625 0.5312134728353786
0.666015625 0.5325451780408359
0.6669921875 0.533877751420336
0.66796875 0.5352111900821221
0.6689453125 0.5365454911398546
0.669921875 0.5378806517126193
0.6708984375 0.5392166689249394
0.671875 0.5405535399067826
0.6728515625 0.541891261793574
0.673828125 0.5432298317262033
0.6748046875 0.5445692468510359
0.67578125 0.5459095043199212
0.6767578125 0.5472506012902033
0.677734375 0.5485925349247281
0.6787109375 0.549935302391855
0.6796875 0.5512789008654634
0.6806640625 0.5526233275249633
0.681640625 0.5539685795553032
0.6826171875 0.5553146541469797
0.68359375 0.5566615484960441
0.6845703125 0.5580092598041132
0.685546875 0.5593577852783759
0.6865234375 0.5607071221316023
0.6875 0.5620572675821512
0.6884765625 0.5634082188539791
0.689453125 0.5647599731766462
0.6904296875 0.5661125277853263
0.69140625 0.567465879920813
0.6923828125 0.5688200268295281
0.693359375 0.5701749657635289
0.6943359375 0.5715306939805143
0.6953125 0.5728872087438343
0.6962890625 0.5742445073224949
0.697265625 0.5756025869911667
0.6982421875 0.5769614450301915
0.69921875 0.5783210787255876
0.7001953125 0.5796814853690588
0.701171875 0.5810426622579996
0.7021484375 0.5824046066955016
0.703125 0.5837673159903607
0.7041015625 0.5851307874570827
0.705078125 0.5864950184158896
0.7060546875 0.5878600061927256
0.70703125 0.5892257481192633
0.7080078125 0.5905922415329099
0.708984375 0.5919594837768115
0.7099609375 0.5933274721998604
0.7109375 0.5946962041566995
0.7119140625 0.5960656770077288
0.712890625 0.5974358881191093
0.7138671875 0.5988068348627691
0.71484375 0.6001785146164089
0.7158203125 0.6015509247635064
0.716796875 0.602924062693321
0.7177734375 0.6042979258008992
0.71875 0.6056725114870795
0.7197265625 0.6070478171584954
0.720703125 0.6084238402275823
0.7216796875 0.6098005781125803
0.72265625 0.6111780282375384
0.7236328125 0.6125561880323203
0.724609375 0.6139350549326056
0.7255859375 0.6153146263798978
0.7265625 0.6166948998215248
0.7275390625 0.6180758727106437
0.728515625 0.6194575425062452
0.7294921875 0.6208399066731569
0.73046875 0.6222229626820459
0.7314453125 0.623606708009424
0.732421875 0.6249911401376491
0.7333984375 0.6263762565549298
0.734375 0.6277620547553272
0.7353515625 0.62914853223876
0.736328125 0.6305356865110051
0.7373046875 0.6319235150837018
0.73828125 0.6333120154743545
0.7392578125 0.6347011852063345
0.740234375 0.6360910218088831
0.7412109375 0.6374815228171148
0.7421875 0.638872685772018
0.7431640625 0.6402645082204584
0.744140625 0.6416569877151811
0.7451171875 0.6430501218148121
0.74609375 0.6444439080838605
0.7470703125 0.6458383440927217
0.748046875 0.6472334274176759
0.7490234375 0.6486291556408941
0.75 0.6500255263504356
0.7509765625 0.6514225371402526
0.751953125 0.65282018561019
0.7529296875 0.654218469365987
0.75390625 0.6556173860192787
0.7548828125 0.6570169331875968
0.755859375 0.6584171084943709
0.7568359375 0.6598179095689297
0.7578125 0.6612193340465011
0.7587890625 0.6626213795682138
0.759765625 0.6640240437810975
0.7607421875 0.665427324338084
0.76171875 0.6668312188980068
0.7626953125 0.6682357251256021
0.763671875 0.6696408406915104
0.7646484375 0.671046563272274
0.765625 0.672452890550339
0.7666015625 0.6738598202140554
0.767578125 0.6752673499576771
0.7685546875 0.6766754774813601
0.76953125 0.6780842004911648
0.7705078125 0.6794935166990544
0.771484375 0.6809034238228941
0.7724609375 0.682313919586452
0.7734375 0.6837250017193974
0.7744140625 0.6851366679573011
0.775390625 0.686548916041634
0.7763671875 0.687961743719766
0.77734375 0.689375148744967
0.7783203125 0.6907891288764034
0.779296875 0.6922036818791395
0.7802734375 0.6936188055241342
0.78125 0.6950344975882415
0.7822265625 0.6964507558542086
0.783203125 0.697867578110674
0.7841796875 0.6992849621521673
0.78515625 0.7007029057791068
0.7861328125 0.7021214067977976
0.787109375 0.7035404630204306
0.7880859375 0.7049600722650816
0.7890625 0.706380232355707
0.7900390625 0.707800941122144
0.791015625 0.709222196400108
0.7919921875 0.7106439960311901
0.79296875 0.7120663378628558
0.7939453125 0.7134892197484419
0.794921875 0.7149126395471549
0.7958984375 0.716336595124068
0.796875 0.7177610843501195
0.7978515625 0.719186105102109
0.798828125 0.7206116552626961
0.7998046875 0.7220377327203968
0.80078125 0.7234643353695815
0.8017578125 0.7248914611104716
0.802734375 0.7263191078491362
0.8037109375 0.7277472734974908
0.8046875 0.7291759559732922
0.8056640625 0.7306051532001363
0.806640625 0.7320348631074552
0.8076171875 0.7334650836305143
0.80859375 0.734895812710407
0.8095703125 0.7363270482940533
0.810546875 0.7377587883341957
0.8115234375 0.739191030789395
0.8125 0.7406237736240275
0.8134765625 0.7420570148082812
0.814453125 0.7434907523181515
0.8154296875 0.7449249841354377
0.81640625 0.7463597082477392
0.8173828125 0.7477949226484515
0.818359375 0.7492306253367619
0.8193359375 0.7506668143176456
0.8203125 0.7521034876018614
0.8212890625 0.7535406432059476
0.822265625 0.7549782791522174
0.8232421875 0.7564163934687551
0.82421875 0.7578549841894108
0.8251953125 0.7592940493537965
0.826171875 0.7607335870072818
0.8271484375 0.7621735952009883
0.828125 0.7636140719917852
0.8291015625 0.7650550154422853
0.830078125 0.7664964236208396
0.8310546875 0.7679382946015316
0.83203125 0.7693806264641739
0.8330078125 0.7708234172943025
0.833984375 0.7722666651831703
0.8349609375 0.7737103682277449
0.8359375 0.7751545245307004
0.8369140625 0.7765991322004142
0.837890625 0.7780441893509608
0.8388671875 0.7794896941021056
0.83984375 0.7809356445793016
0.8408203125 0.782382038913682
0.841796875 0.7838288752420548
0.8427734375 0.7852761517068981
0.84375 0.7867238664563537
0.8447265625 0.7881720176442214
0.845703125 0.7896206034299532
0.8466796875 0.7910696219786483
0.84765625 0.792519071461045
0.8486328125 0.7939689500535168
0.849609375 0.7954192559380656
0.8505859375 0.7968699873023156
0.8515625 0.7983211423395074
0.8525390625 0.7997727192484901
0.853515625 0.8012247162337184
0.8544921875 0.8026771315052433
0.85546875 0.8041299632787061
0.8564453125 0.8055832097753345
0.857421875 0.8070368692219317
0.8583984375 0.8084909398508741
0.859375 0.8099454199001024
0.8603515625 0.8114003076131154
0.861328125 0.812855601238963
0.8623046875 0.8143112990322413
0.86328125 0.815767399253082
0.8642578125 0.8172239001671494
0.865234375 0.8186808000456315
0.8662109375 0.8201380971652333
0.8671875 0.8215957898081703
0.8681640625 0.8230538762621602
0.869140625 0.8245123548204177
0.8701171875 0.8259712237816454
0.87109375 0.8274304814500284
0.8720703125 0.8288901261352244
0.873046875 0.8303501561523601
0.8740234375 0.8318105698220202
0.875 0.833271365470242
0.8759765625 0.8347325414285086
0.876953125 0.8361940960337383
0.8779296875 0.8376560276282808
0.87890625 0.8391183345599069
0.8798828125 0.840581015181803
0.880859375 0.8420440678525601
0.8818359375 0.8435074909361702
0.8828125 0.844971282802016
0.8837890625 0.8464354418248629
0.884765625 0.8478999663848525
0.8857421875 0.849364854867494
0.88671875 0.8508301056636555
0.8876953125 0.8522957171695577
0.888671875 0.8537616877867645
0.8896484375 0.8552280159221751
0.890625 0.8566946999880167
0.8916015625 0.8581617384018351
0.892578125 0.8596291295864872
0.8935546875 0.8610968719701326
0.89453125 0.8625649639862261
0.8955078125 0.8640334040735076
0.896484375 0.8655021906759957
0.8974609375 0.8669713222429773
0.8984375 0.8684407972290009
0.8994140625 0.8699106140938675
0.900390625 0.8713807713026213
0.9013671875 0.8728512673255421
0.90234375 0.874322100638137
0.9033203125 0.8757932697211304
0.904296875 0.8772647730604557
0.9052734375 0.878736609147248
0.90625 0.8802087764778338
0.9072265625 0.8816812735537217
0.908203125 0.8831540988815965
0.9091796875 0.8846272509733072
0.91015625 0.8861007283458588
0.9111328125 0.8875745295214051
0.912109375 0.8890486530272378
0.9130859375 0.8905230973957778
0.9140625 0.8919978611645669
0.9150390625 0.8934729428762589
0.916015625 0.8949483410786091
0.9169921875 0.8964240543244666
0.91796875 0.897900081171764
0.9189453125 0.8993764201835093
0.919921875 0.900853069927776
0.9208984375 0.9023300289776932
0.921875 0.9038072959114384
0.9228515625 0.905284869312225
0.923828125 0.9067627477682969
0.9248046875 0.9082409298729144
0.92578125 0.9097194142243502
0.9267578125 0.9111981994258741
0.927734375 0.9126772840857492
0.9287109375 0.9141566668172177
0.9296875 0.9156363462384944
0.9306640625 0.9171163209727556
0.931640625 0.9185965896481306
0.9326171875 0.9200771508976899
0.93359375 0.9215580033594394
0.9345703125 0.9230391456763063
0.935546875 0.9245205764961324
0.9365234375 0.9260022944716638
0.9375 0.9274842982605407
0.9384765625 0.928966586525287
0.939453125 0.9304491579333019
0.9404296875 0.9319320111568495
0.94140625 0.9334151448730483
0.9423828125 0.9348985577638621
0.943359375 0.9363822485160898
0.9443359375 0.9378662158213552
0.9453125 0.9393504583760982
0.9462890625 0.9408349748815629
0.947265625 0.9423197640437897
0.9482421875 0.9438048245736028
0.94921875 0.9452901551866034
0.9501953125 0.9467757546031561
0.951171875 0.9482616215483813
0.9521484375 0.9497477547521442
0.953125 0.9512341529490449
0.9541015625 0.952720814878408
0.955078125 0.9542077392842718
0.9560546875 0.9556949249153802
0.95703125 0.9571823705251696
0.9580078125 0.9586700748717613
0.958984375 0.9601580367179493
0.9599609375 0.9616462548311915
0.9609375 0.9631347279835977
0.9619140625 0.9646234549519213
0.962890625 0.966112434517547
0.9638671875 0.967601665466483
0.96484375 0.9690911465893473
0.9658203125 0.9705808766813593
0.966796875 0.9720708545423299
0.9677734375 0.9735610789766499
0.96875 0.9750515487932796
0.9697265625 0.9765422628057394
0.970703125 0.9780332198320987
0.9716796875 0.9795244186949638
0.97265625 0.9810158582214702
0.9736328125 0.9825075372432718
0.974609375 0.9839994545965269
0.9755859375 0.985491609121892
0.9765625 0.9869839996645091
0.9775390625 0.9884766250739946
0.978515625 0.98996948420443
0.9794921875 0.9914625759143505
0.98046875 0.992955899066736
0.9814453125 0.9944494525289965
0.982421875 0.9959432351729668
0.9833984375 0.9974372458748917
0.984375 0.9989314835154166
0.9853515625 1.000425946979578
0.986328125 1.0019206351567906
0.9873046875 1.0034155469408381
0.98828125 1.0049106812298634
0.9892578125 1.0064060369263546
0.990234375 1.0079016129371376
0.9912109375 1.0093974081733637
0.9921875 1.0108934215504992
0.9931640625 1.012389651988315
0.994140625 1.0138860984108746
0.9951171875 1.0153827597465244
0.99609375 1.0168796349278835
0.9970703125 1.0183767228918303
0.998046875 1.019874022579496
0.9990234375 1.021371532936248
1.0 1.0228692529116854
