0.0 0.0
0.0009765625 0.0015339807878856412
0.001953125 0.0030679615757712823
0.0029296875 0.0046019423636569235
0.00390625 0.006135923151542565
0.0048828125 0.007669903939428206
0.005859375 0.009203884727313847
0.0068359375 0.010737865515199488
0.0078125 0.01227184630308513
0.0087890625 0.01380582709097077
0.009765625 0.015339807878856412
0.0107421875 0.01687378866674205
0.01171875 0.018407769454627694
0.0126953125 0.019941750242513337
0.013671875 0.021475731030398976
0.0146484375 0.023009711818284616
0.015625 0.02454369260617026
0.0166015625 0.0260776733940559
0.017578125 0.02761165418194154
0.0185546875 0.02914563496982718
0.01953125 0.030679615757712823
0.0205078125 0.032213596545598466
0.021484375 0.0337475773334841
0.0224609375 0.035281558121369745
0.0234375 0.03681553890925539
0.0244140625 0.03834951969714103
0.025390625 0.039883500485026674
0.0263671875 0.04141748127291231
0.02734375 0.04295146206079795
0.0283203125 0.044485442848683596
0.029296875 0.04601942363656923
0.0302734375 0.047553404424454875
0.03125 0.04908738521234052
0.0322265625 0.05062136600022616
0.033203125 0.0521553467881118
0.0341796875 0.05368932757599744
0.03515625 0.05522330836388308
0.0361328125 0.056757289151768725
0.037109375 0.05829126993965436
0.0380859375 0.059825250727540004
0.0390625 0.06135923151542565
0.0400390625 0.06289321230331128
0.041015625 0.06442719309119693
0.0419921875 0.06596117387908257
0.04296875 0.0674951546669682
0.0439453125 0.06902913545485385
0.044921875 0.07056311624273949
0.0458984375 0.07209709703062514
0.046875 0.07363107781851078
0.0478515625 0.07516505860639641
0.048828125 0.07669903939428206
0.0498046875 0.0782330201821677
0.05078125 0.07976700097005335
0.0517578125 0.08130098175793898
0.052734375 0.08283496254582462
0.0537109375 0.08436894333371027
0.0546875 0.0859029241215959
0.0556640625 0.08743690490948154
0.056640625 0.08897088569736719
0.0576171875 0.09050486648525283
0.05859375 0.09203884727313846
0.0595703125 0.09357282806102411
0.060546875 0.09510680884890975
0.0615234375 0.0966407896367954
0.0625 0.09817477042468103
0.0634765625 0.09970875121256667
0.064453125 0.10124273200045232
0.0654296875 0.10277671278833796
0.06640625 0.1043106935762236
0.0673828125 0.10584467436410924
0.068359375 0.10737865515199488
0.0693359375 0.10891263593988053
0.0703125 0.11044661672776616
0.0712890625 0.1119805975156518
0.072265625 0.11351457830353745
0.0732421875 0.11504855909142309
0.07421875 0.11658253987930872
0.0751953125 0.11811652066719437
0.076171875 0.11965050145508001
0.0771484375 0.12118448224296566
0.078125 0.1227184630308513
0.0791015625 0.12425244381873693
0.080078125 0.12578642460662257
0.0810546875 0.12732040539450823
0.08203125 0.12885438618239387
0.0830078125 0.1303883669702795
0.083984375 0.13192234775816514
0.0849609375 0.13345632854605077
0.0859375 0.1349903093339364
0.0869140625 0.13652429012182207
0.087890625 0.1380582709097077
0.0888671875 0.13959225169759334
0.08984375 0.14112623248547898
0.0908203125 0.14266021327336462
0.091796875 0.14419419406125028
0.0927734375 0.14572817484913592
0.09375 0.14726215563702155
0.0947265625 0.1487961364249072
0.095703125 0.15033011721279282
0.0966796875 0.1518640980006785
0.09765625 0.15339807878856412
0.0986328125 0.15493205957644976
0.099609375 0.1564660403643354
0.1005859375 0.15800002115222103
0.1015625 0.1595340019401067
0.1025390625 0.16106798272799233
0.103515625 0.16260196351587797
0.1044921875 0.1641359443037636
0.10546875 0.16566992509164924
0.1064453125 0.16720390587953488
0.107421875 0.16873788666742054
0.1083984375 0.17027186745530618
0.109375 0.1718058482431918
0.1103515625 0.17333982903107745
0.111328125 0.17487380981896308
0.1123046875 0.17640779060684875
0.11328125 0.17794177139473438
0.1142578125 0.17947575218262002
0.115234375 0.18100973297050565
0.1162109375 0.1825437137583913
0.1171875 0.18407769454627693
0.1181640625 0.1856116753341626
0.119140625 0.18714565612204823
0.1201171875 0.18867963690993386
0.12109375 0.1902136176978195
0.1220703125 0.19174759848570513
0.123046875 0.1932815792735908
0.1240234375 0.19481556006147643
0.125 0.19634954084936207
0.1259765625 0.1978835216372477
0.126953125 0.19941750242513334
0.1279296875 0.200951483213019
0.12890625 0.20248546400090464
0.1298828125 0.20401944478879028
0.130859375 0.2055534255766759
0.1318359375 0.20708740636456155
0.1328125 0.2086213871524472
0.1337890625 0.21015536794033285
0.134765625 0.21168934872821848
0.1357421875 0.21322332951610412
0.13671875 0.21475731030398976
0.1376953125 0.2162912910918754
0.138671875 0.21782527187976106
0.1396484375 0.2193592526676467
0.140625 0.22089323345553233
0.1416015625 0.22242721424341796
0.142578125 0.2239611950313036
0.1435546875 0.22549517581918926
0.14453125 0.2270291566070749
0.1455078125 0.22856313739496054
0.146484375 0.23009711818284617
0.1474609375 0.2316310989707318
0.1484375 0.23316507975861744
0.1494140625 0.2346990605465031
0.150390625 0.23623304133438874
0.1513671875 0.23776702212227438
0.15234375 0.23930100291016002
0.1533203125 0.24083498369804565
0.154296875 0.24236896448593132
0.1552734375 0.24390294527381695
0.15625 0.2454369260617026
0.1572265625 0.24697090684958822
0.158203125 0.24850488763747386
0.1591796875 0.2500388684253595
0.16015625 0.25157284921324513
0.1611328125 0.25310683000113077
0.162109375 0.25464081078901646
0.1630859375 0.2561747915769021
0.1640625 0.25770877236478773
0.1650390625 0.25924275315267337
0.166015625 0.260776733940559
0.1669921875 0.26231071472844464
0.16796875 0.2638446955163303
0.1689453125 0.2653786763042159
0.169921875 0.26691265709210155
0.1708984375 0.2684466378799872
0.171875 0.2699806186678728
0.1728515625 0.2715145994557585
0.173828125 0.27304858024364415
0.1748046875 0.2745825610315298
0.17578125 0.2761165418194154
0.1767578125 0.27765052260730105
0.177734375 0.2791845033951867
0.1787109375 0.2807184841830723
0.1796875 0.28225246497095796
0.1806640625 0.2837864457588436
0.181640625 0.28532042654672923
0.1826171875 0.2868544073346149
0.18359375 0.28838838812250056
0.1845703125 0.2899223689103862
0.185546875 0.29145634969827183
0.1865234375 0.29299033048615747
0.1875 0.2945243112740431
0.1884765625 0.29605829206192874
0.189453125 0.2975922728498144
0.1904296875 0.2991262536377
0.19140625 0.30066023442558565
0.1923828125 0.3021942152134713
0.193359375 0.303728196001357
0.1943359375 0.3052621767892426
0.1953125 0.30679615757712825
0.1962890625 0.3083301383650139
0.197265625 0.3098641191528995
0.1982421875 0.31139809994078516
0.19921875 0.3129320807286708
0.2001953125 0.3144660615165564
0.201171875 0.31600004230444206
0.2021484375 0.3175340230923277
0.203125 0.3190680038802134
0.2041015625 0.320601984668099
0.205078125 0.32213596545598466
0.2060546875 0.3236699462438703
0.20703125 0.32520392703175593
0.2080078125 0.32673790781964157
0.208984375 0.3282718886075272
0.2099609375 0.32980586939541284
0.2109375 0.3313398501832985
0.2119140625 0.3328738309711841
0.212890625 0.33440781175906975
0.2138671875 0.33594179254695544
0.21484375 0.3374757733348411
0.2158203125 0.3390097541227267
0.216796875 0.34054373491061235
0.2177734375 0.342077715698498
0.21875 0.3436116964863836
0.2197265625 0.34514567727426926
0.220703125 0.3466796580621549
0.2216796875 0.34821363885004053
0.22265625 0.34974761963792617
0.2236328125 0.3512816004258118
0.224609375 0.3528155812136975
0.2255859375 0.35434956200158313
0.2265625 0.35588354278946877
0.2275390625 0.3574175235773544
0.228515625 0.35895150436524004
0.2294921875 0.3604854851531257
0.23046875 0.3620194659410113
0.2314453125 0.36355344672889695
0.232421875 0.3650874275167826
0.2333984375 0.3666214083046682
0.234375 0.36815538909255385
0.2353515625 0.36968936988043954
0.236328125 0.3712233506683252
0.2373046875 0.3727573314562108
0.23828125 0.37429131224409645
0.2392578125 0.3758252930319821
0.240234375 0.3773592738198677
0.2412109375 0.37889325460775336
0.2421875 0.380427235395639
0.2431640625 0.38196121618352463
0.244140625 0.38349519697141027
0.2451171875 0.38502917775929596
0.24609375 0.3865631585471816
0.2470703125 0.38809713933506723
0.248046875 0.38963112012295287
0.2490234375 0.3911651009108385
0.25 0.39269908169872414
0.2509765625 0.3942330624866098
0.251953125 0.3957670432744954
0.2529296875 0.39730102406238105
0.25390625 0.3988350048502667
0.2548828125 0.4003689856381523
0.255859375 0.401902966426038
0.2568359375 0.40343694721392365
0.2578125 0.4049709280018093
0.2587890625 0.4065049087896949
0.259765625 0.40803888957758055
0.2607421875 0.4095728703654662
0.26171875 0.4111068511533518
0.2626953125 0.41264083194123746
0.263671875 0.4141748127291231
0.2646484375 0.41570879351700873
0.265625 0.4172427743048944
0.2666015625 0.41877675509278006
0.267578125 0.4203107358806657
0.2685546875 0.42184471666855133
0.26953125 0.42337869745643697
0.2705078125 0.4249126782443226
0.271484375 0.42644665903220824
0.2724609375 0.4279806398200939
0.2734375 0.4295146206079795
0.2744140625 0.43104860139586515
0.275390625 0.4325825821837508
0.2763671875 0.4341165629716365
0.27734375 0.4356505437595221
0.2783203125 0.43718452454740775
0.279296875 0.4387185053352934
0.2802734375 0.440252486123179
0.28125 0.44178646691106466
0.2822265625 0.4433204476989503
0.283203125 0.44485442848683593
0.2841796875 0.44638840927472156
0.28515625 0.4479223900626072
0.2861328125 0.44945637085049284
0.287109375 0.45099035163837853
0.2880859375 0.45252433242626416
0.2890625 0.4540583132141498
0.2900390625 0.45559229400203544
0.291015625 0.45712627478992107
0.2919921875 0.4586602555778067
0.29296875 0.46019423636569234
0.2939453125 0.461728217153578
0.294921875 0.4632621979414636
0.2958984375 0.46479617872934925
0.296875 0.4663301595172349
0.2978515625 0.4678641403051206
0.298828125 0.4693981210930062
0.2998046875 0.47093210188089185
0.30078125 0.4724660826687775
0.3017578125 0.4740000634566631
0.302734375 0.47553404424454876
0.3037109375 0.4770680250324344
0.3046875 0.47860200582032003
0.3056640625 0.48013598660820567
0.306640625 0.4816699673960913
0.3076171875 0.483203948183977
0.30859375 0.48473792897186263
0.3095703125 0.48627190975974827
0.310546875 0.4878058905476339
0.3115234375 0.48933987133551954
0.3125 0.4908738521234052
0.3134765625 0.4924078329112908
0.314453125 0.49394181369917645
0.3154296875 0.4954757944870621
0.31640625 0.4970097752749477
0.3173828125 0.49854375606283335
0.318359375 0.500077736850719
0.3193359375 0.5016117176386047
0.3203125 0.5031456984264903
0.3212890625 0.504679679214376
0.322265625 0.5062136600022615
0.3232421875 0.5077476407901472
0.32421875 0.5092816215780329
0.3251953125 0.5108156023659185
0.326171875 0.5123495831538042
0.3271484375 0.5138835639416898
0.328125 0.5154175447295755
0.3291015625 0.516951525517461
0.330078125 0.5184855063053467
0.3310546875 0.5200194870932323
0.33203125 0.521553467881118
0.3330078125 0.5230874486690036
0.333984375 0.5246214294568893
0.3349609375 0.526155410244775
0.3359375 0.5276893910326605
0.3369140625 0.5292233718205462
0.337890625 0.5307573526084318
0.3388671875 0.5322913333963175
0.33984375 0.5338253141842031
0.3408203125 0.5353592949720888
0.341796875 0.5368932757599744
0.3427734375 0.5384272565478601
0.34375 0.5399612373357456
0.3447265625 0.5414952181236313
0.345703125 0.543029198911517
0.3466796875 0.5445631796994026
0.34765625 0.5460971604872883
0.3486328125 0.5476311412751739
0.349609375 0.5491651220630596
0.3505859375 0.5506991028509451
0.3515625 0.5522330836388308
0.3525390625 0.5537670644267164
0.353515625 0.5553010452146021
0.3544921875 0.5568350260024878
0.35546875 0.5583690067903734
0.3564453125 0.5599029875782591
0.357421875 0.5614369683661447
0.3583984375 0.5629709491540303
0.359375 0.5645049299419159
0.3603515625 0.5660389107298016
0.361328125 0.5675728915176872
0.3623046875 0.5691068723055729
0.36328125 0.5706408530934585
0.3642578125 0.5721748338813442
0.365234375 0.5737088146692298
0.3662109375 0.5752427954571154
0.3671875 0.5767767762450011
0.3681640625 0.5783107570328867
0.369140625 0.5798447378207724
0.3701171875 0.581378718608658
0.37109375 0.5829126993965437
0.3720703125 0.5844466801844292
0.373046875 0.5859806609723149
0.3740234375 0.5875146417602005
0.375 0.5890486225480862
0.3759765625 0.5905826033359719
0.376953125 0.5921165841238575
0.3779296875 0.5936505649117432
0.37890625 0.5951845456996288
0.3798828125 0.5967185264875144
0.380859375 0.5982525072754
0.3818359375 0.5997864880632857
0.3828125 0.6013204688511713
0.3837890625 0.602854449639057
0.384765625 0.6043884304269426
0.3857421875 0.6059224112148283
0.38671875 0.607456392002714
0.3876953125 0.6089903727905995
0.388671875 0.6105243535784852
0.3896484375 0.6120583343663708
0.390625 0.6135923151542565
0.3916015625 0.6151262959421421
0.392578125 0.6166602767300278
0.3935546875 0.6181942575179133
0.39453125 0.619728238305799
0.3955078125 0.6212622190936846
0.396484375 0.6227961998815703
0.3974609375 0.624330180669456
0.3984375 0.6258641614573416
0.3994140625 0.6273981422452273
0.400390625 0.6289321230331129
0.4013671875 0.6304661038209985
0.40234375 0.6320000846088841
0.4033203125 0.6335340653967698
0.404296875 0.6350680461846554
0.4052734375 0.6366020269725411
0.40625 0.6381360077604268
0.4072265625 0.6396699885483124
0.408203125 0.641203969336198
0.4091796875 0.6427379501240836
0.41015625 0.6442719309119693
0.4111328125 0.6458059116998549
0.412109375 0.6473398924877406
0.4130859375 0.6488738732756262
0.4140625 0.6504078540635119
0.4150390625 0.6519418348513975
0.416015625 0.6534758156392831
0.4169921875 0.6550097964271688
0.41796875 0.6565437772150544
0.4189453125 0.6580777580029401
0.419921875 0.6596117387908257
0.4208984375 0.6611457195787114
0.421875 0.662679700366597
0.4228515625 0.6642136811544826
0.423828125 0.6657476619423682
0.4248046875 0.6672816427302539
0.42578125 0.6688156235181395
0.4267578125 0.6703496043060252
0.427734375 0.6718835850939109
0.4287109375 0.6734175658817965
0.4296875 0.6749515466696822
0.4306640625 0.6764855274575677
0.431640625 0.6780195082454534
0.4326171875 0.679553489033339
0.43359375 0.6810874698212247
0.4345703125 0.6826214506091103
0.435546875 0.684155431396996
0.4365234375 0.6856894121848816
0.4375 0.6872233929727672
0.4384765625 0.6887573737606529
0.439453125 0.6902913545485385
0.4404296875 0.6918253353364242
0.44140625 0.6933593161243098
0.4423828125 0.6948932969121955
0.443359375 0.6964272777000811
0.4443359375 0.6979612584879668
0.4453125 0.6994952392758523
0.4462890625 0.701029220063738
0.447265625 0.7025632008516236
0.4482421875 0.7040971816395093
0.44921875 0.705631162427395
0.4501953125 0.7071651432152806
0.451171875 0.7086991240031663
0.4521484375 0.7102331047910518
0.453125 0.7117670855789375
0.4541015625 0.7133010663668231
0.455078125 0.7148350471547088
0.4560546875 0.7163690279425944
0.45703125 0.7179030087304801
0.4580078125 0.7194369895183657
0.458984375 0.7209709703062513
0.4599609375 0.722504951094137
0.4609375 0.7240389318820226
0.4619140625 0.7255729126699083
0.462890625 0.7271068934577939
0.4638671875 0.7286408742456796
0.46484375 0.7301748550335652
0.4658203125 0.7317088358214509
0.466796875 0.7332428166093364
0.4677734375 0.7347767973972221
0.46875 0.7363107781851077
0.4697265625 0.7378447589729934
0.470703125 0.7393787397608791
0.4716796875 0.7409127205487647
0.47265625 0.7424467013366504
0.4736328125 0.7439806821245359
0.474609375 0.7455146629124216
0.4755859375 0.7470486437003072
0.4765625 0.7485826244881929
0.4775390625 0.7501166052760785
0.478515625 0.7516505860639642
0.4794921875 0.7531845668518499
0.48046875 0.7547185476397354
0.4814453125 0.7562525284276211
0.482421875 0.7577865092155067
0.4833984375 0.7593204900033924
0.484375 0.760854470791278
0.4853515625 0.7623884515791637
0.486328125 0.7639224323670493
0.4873046875 0.765456413154935
0.48828125 0.7669903939428205
0.4892578125 0.7685243747307062
0.490234375 0.7700583555185919
0.4912109375 0.7715923363064775
0.4921875 0.7731263170943632
0.4931640625 0.7746602978822488
0.494140625 0.7761942786701345
0.4951171875 0.77772825945802
0.49609375 0.7792622402459057
0.4970703125 0.7807962210337913
0.498046875 0.782330201821677
0.4990234375 0.7838641826095626
0.5 0.7853981633974483
0.5009765625 0.786932144185334
0.501953125 0.7884661249732196
0.5029296875 0.7900001057611052
0.50390625 0.7915340865489908
0.5048828125 0.7930680673368765
0.505859375 0.7946020481247621
0.5068359375 0.7961360289126478
0.5078125 0.7976700097005334
0.5087890625 0.7992039904884191
0.509765625 0.8007379712763046
0.5107421875 0.8022719520641903
0.51171875 0.803805932852076
0.5126953125 0.8053399136399616
0.513671875 0.8068738944278473
0.5146484375 0.8084078752157329
0.515625 0.8099418560036186
0.5166015625 0.8114758367915041
0.517578125 0.8130098175793898
0.5185546875 0.8145437983672754
0.51953125 0.8160777791551611
0.5205078125 0.8176117599430467
0.521484375 0.8191457407309324
0.5224609375 0.8206797215188181
0.5234375 0.8222137023067037
0.5244140625 0.8237476830945893
0.525390625 0.8252816638824749
0.5263671875 0.8268156446703606
0.52734375 0.8283496254582462
0.5283203125 0.8298836062461319
0.529296875 0.8314175870340175
0.5302734375 0.8329515678219032
0.53125 0.8344855486097889
0.5322265625 0.8360195293976744
0.533203125 0.8375535101855601
0.5341796875 0.8390874909734457
0.53515625 0.8406214717613314
0.5361328125 0.842155452549217
0.537109375 0.8436894333371027
0.5380859375 0.8452234141249882
0.5390625 0.8467573949128739
0.5400390625 0.8482913757007595
0.541015625 0.8498253564886452
0.5419921875 0.8513593372765309
0.54296875 0.8528933180644165
0.5439453125 0.8544272988523022
0.544921875 0.8559612796401878
0.5458984375 0.8574952604280734
0.546875 0.859029241215959
0.5478515625 0.8605632220038447
0.548828125 0.8620972027917303
0.5498046875 0.863631183579616
0.55078125 0.8651651643675016
0.5517578125 0.8666991451553873
0.552734375 0.868233125943273
0.5537109375 0.8697671067311585
0.5546875 0.8713010875190442
0.5556640625 0.8728350683069298
0.556640625 0.8743690490948155
0.5576171875 0.8759030298827011
0.55859375 0.8774370106705868
0.5595703125 0.8789709914584724
0.560546875 0.880504972246358
0.5615234375 0.8820389530342436
0.5625 0.8835729338221293
0.5634765625 0.885106914610015
0.564453125 0.8866408953979006
0.5654296875 0.8881748761857863
0.56640625 0.8897088569736719
0.5673828125 0.8912428377615575
0.568359375 0.8927768185494431
0.5693359375 0.8943107993373288
0.5703125 0.8958447801252144
0.5712890625 0.8973787609131001
0.572265625 0.8989127417009857
0.5732421875 0.9004467224888714
0.57421875 0.9019807032767571
0.5751953125 0.9035146840646426
0.576171875 0.9050486648525283
0.5771484375 0.9065826456404139
0.578125 0.9081166264282996
0.5791015625 0.9096506072161852
0.580078125 0.9111845880040709
0.5810546875 0.9127185687919565
0.58203125 0.9142525495798421
0.5830078125 0.9157865303677277
0.583984375 0.9173205111556134
0.5849609375 0.9188544919434991
0.5859375 0.9203884727313847
0.5869140625 0.9219224535192704
0.587890625 0.923456434307156
0.5888671875 0.9249904150950417
0.58984375 0.9265243958829272
0.5908203125 0.9280583766708129
0.591796875 0.9295923574586985
0.5927734375 0.9311263382465842
0.59375 0.9326603190344698
0.5947265625 0.9341942998223555
0.595703125 0.9357282806102412
0.5966796875 0.9372622613981267
0.59765625 0.9387962421860124
0.5986328125 0.940330222973898
0.599609375 0.9418642037617837
0.6005859375 0.9433981845496693
0.6015625 0.944932165337555
0.6025390625 0.9464661461254406
0.603515625 0.9480001269133262
0.6044921875 0.9495341077012119
0.60546875 0.9510680884890975
0.6064453125 0.9526020692769832
0.607421875 0.9541360500648688
0.6083984375 0.9556700308527545
0.609375 0.9572040116406401
0.6103515625 0.9587379924285258
0.611328125 0.9602719732164113
0.6123046875 0.961805954004297
0.61328125 0.9633399347921826
0.6142578125 0.9648739155800683
0.615234375 0.966407896367954
0.6162109375 0.9679418771558396
0.6171875 0.9694758579437253
0.6181640625 0.9710098387316108
0.619140625 0.9725438195194965
0.6201171875 0.9740778003073821
0.62109375 0.9756117810952678
0.6220703125 0.9771457618831534
0.623046875 0.9786797426710391
0.6240234375 0.9802137234589247
0.625 0.9817477042468103
0.6259765625 0.983281685034696
0.626953125 0.9848156658225816
0.6279296875 0.9863496466104673
0.62890625 0.9878836273983529
0.6298828125 0.9894176081862386
0.630859375 0.9909515889741242
0.6318359375 0.9924855697620099
0.6328125 0.9940195505498954
0.6337890625 0.9955535313377811
0.634765625 0.9970875121256667
0.6357421875 0.9986214929135524
0.63671875 1.000155473701438
0.6376953125 1.0016894544893238
0.638671875 1.0032234352772094
0.6396484375 1.004757416065095
0.640625 1.0062913968529805
0.6416015625 1.0078253776408663
0.642578125 1.009359358428752
0.6435546875 1.0108933392166375
0.64453125 1.012427320004523
0.6455078125 1.0139613007924089
0.646484375 1.0154952815802945
0.6474609375 1.01702926236818
0.6484375 1.0185632431560658
0.6494140625 1.0200972239439514
0.650390625 1.021631204731837
0.6513671875 1.0231651855197226
0.65234375 1.0246991663076084
0.6533203125 1.026233147095494
0.654296875 1.0277671278833795
0.6552734375 1.0293011086712651
0.65625 1.030835089459151
0.6572265625 1.0323690702470365
0.658203125 1.033903051034922
0.6591796875 1.0354370318228079
0.66015625 1.0369710126106935
0.6611328125 1.038504993398579
0.662109375 1.0400389741864646
0.6630859375 1.0415729549743504
0.6640625 1.043106935762236
0.6650390625 1.0446409165501216
0.666015625 1.0461748973380072
0.6669921875 1.047708878125893
0.66796875 1.0492428589137786
0.6689453125 1.0507768397016641
0.669921875 1.05231082048955
0.6708984375 1.0538448012774355
0.671875 1.055378782065321
0.6728515625 1.0569127628532067
0.673828125 1.0584467436410925
0.6748046875 1.059980724428978
0.67578125 1.0615147052168636
0.6767578125 1.0630486860047492
0.677734375 1.064582666792635
0.6787109375 1.0661166475805206
0.6796875 1.0676506283684062
0.6806640625 1.069184609156292
0.681640625 1.0707185899441776
0.6826171875 1.0722525707320631
0.68359375 1.0737865515199487
0.6845703125 1.0753205323078345
0.685546875 1.0768545130957201
0.6865234375 1.0783884938836057
0.6875 1.0799224746714913
0.6884765625 1.081456455459377
0.689453125 1.0829904362472627
0.6904296875 1.0845244170351482
0.69140625 1.086058397823034
0.6923828125 1.0875923786109196
0.693359375 1.0891263593988052
0.6943359375 1.0906603401866908
0.6953125 1.0921943209745766
0.6962890625 1.0937283017624622
0.697265625 1.0952622825503477
0.6982421875 1.0967962633382335
0.69921875 1.0983302441261191
0.7001953125 1.0998642249140047
0.701171875 1.1013982057018903
0.7021484375 1.102932186489776
0.703125 1.1044661672776617
0.7041015625 1.1060001480655473
0.705078125 1.1075341288534328
0.7060546875 1.1090681096413186
0.70703125 1.1106020904292042
0.7080078125 1.1121360712170898
0.708984375 1.1136700520049756
0.7099609375 1.1152040327928612
0.7109375 1.1167380135807468
0.7119140625 1.1182719943686323
0.712890625 1.1198059751565181
0.7138671875 1.1213399559444037
0.71484375 1.1228739367322893
0.7158203125 1.1244079175201749
0.716796875 1.1259418983080607
0.7177734375 1.1274758790959463
0.71875 1.1290098598838318
0.7197265625 1.1305438406717176
0.720703125 1.1320778214596032
0.7216796875 1.1336118022474888
0.72265625 1.1351457830353744
0.7236328125 1.1366797638232602
0.724609375 1.1382137446111458
0.7255859375 1.1397477253990314
0.7265625 1.141281706186917
0.7275390625 1.1428156869748027
0.728515625 1.1443496677626883
0.7294921875 1.145883648550574
0.73046875 1.1474176293384597
0.7314453125 1.1489516101263453
0.732421875 1.1504855909142309
0.7333984375 1.1520195717021164
0.734375 1.1535535524900022
0.7353515625 1.1550875332778878
0.736328125 1.1566215140657734
0.7373046875 1.158155494853659
0.73828125 1.1596894756415448
0.7392578125 1.1612234564294304
0.740234375 1.162757437217316
0.7412109375 1.1642914180052018
0.7421875 1.1658253987930873
0.7431640625 1.167359379580973
0.744140625 1.1688933603688585
0.7451171875 1.1704273411567443
0.74609375 1.1719613219446299
0.7470703125 1.1734953027325155
0.748046875 1.175029283520401
0.7490234375 1.1765632643082868
0.75 1.1780972450961724
0.7509765625 1.179631225884058
0.751953125 1.1811652066719438
0.7529296875 1.1826991874598294
0.75390625 1.184233168247715
0.7548828125 1.1857671490356005
0.755859375 1.1873011298234863
0.7568359375 1.188835110611372
0.7578125 1.1903690913992575
0.7587890625 1.191903072187143
0.759765625 1.193437052975029
0.7607421875 1.1949710337629145
0.76171875 1.1965050145508
0.7626953125 1.1980389953386859
0.763671875 1.1995729761265714
0.7646484375 1.201106956914457
0.765625 1.2026409377023426
0.7666015625 1.2041749184902284
0.767578125 1.205708899278114
0.7685546875 1.2072428800659996
0.76953125 1.2087768608538851
0.7705078125 1.210310841641771
0.771484375 1.2118448224296565
0.7724609375 1.213378803217542
0.7734375 1.214912784005428
0.7744140625 1.2164467647933135
0.775390625 1.217980745581199
0.7763671875 1.2195147263690846
0.77734375 1.2210487071569704
0.7783203125 1.222582687944856
0.779296875 1.2241166687327416
0.7802734375 1.2256506495206272
0.78125 1.227184630308513
0.7822265625 1.2287186110963986
0.783203125 1.2302525918842842
0.7841796875 1.23178657267217
0.78515625 1.2333205534600555
0.7861328125 1.2348545342479411
0.787109375 1.2363885150358267
0.7880859375 1.2379224958237125
0.7890625 1.239456476611598
0.7900390625 1.2409904573994837
0.791015625 1.2425244381873692
0.7919921875 1.244058418975255
0.79296875 1.2455923997631406
0.7939453125 1.2471263805510262
0.794921875 1.248660361338912
0.7958984375 1.2501943421267976
0.796875 1.2517283229146832
0.7978515625 1.2532623037025687
0.798828125 1.2547962844904545
0.7998046875 1.2563302652783401
0.80078125 1.2578642460662257
0.8017578125 1.2593982268541113
0.802734375 1.260932207641997
0.8037109375 1.2624661884298827
0.8046875 1.2640001692177683
0.8056640625 1.265534150005654
0.806640625 1.2670681307935396
0.8076171875 1.2686021115814252
0.80859375 1.2701360923693108
0.8095703125 1.2716700731571966
0.810546875 1.2732040539450822
0.8115234375 1.2747380347329678
0.8125 1.2762720155208536
0.8134765625 1.2778059963087391
0.814453125 1.2793399770966247
0.8154296875 1.2808739578845103
0.81640625 1.282407938672396
0.8173828125 1.2839419194602817
0.818359375 1.2854759002481673
0.8193359375 1.2870098810360528
0.8203125 1.2885438618239387
0.8212890625 1.2900778426118242
0.822265625 1.2916118233997098
0.8232421875 1.2931458041875956
0.82421875 1.2946797849754812
0.8251953125 1.2962137657633668
0.826171875 1.2977477465512524
0.8271484375 1.2992817273391382
0.828125 1.3008157081270237
0.8291015625 1.3023496889149093
0.830078125 1.303883669702795
0.8310546875 1.3054176504906807
0.83203125 1.3069516312785663
0.8330078125 1.3084856120664519
0.833984375 1.3100195928543377
0.8349609375 1.3115535736422232
0.8359375 1.3130875544301088
0.8369140625 1.3146215352179944
0.837890625 1.3161555160058802
0.8388671875 1.3176894967937658
0.83984375 1.3192234775816514
0.8408203125 1.320757458369537
0.841796875 1.3222914391574228
0.8427734375 1.3238254199453083
0.84375 1.325359400733194
0.8447265625 1.3268933815210797
0.845703125 1.3284273623089653
0.8466796875 1.3299613430968509
0.84765625 1.3314953238847365
0.8486328125 1.3330293046726223
0.849609375 1.3345632854605078
0.8505859375 1.3360972662483934
0.8515625 1.337631247036279
0.8525390625 1.3391652278241648
0.853515625 1.3406992086120504
0.8544921875 1.342233189399936
0.85546875 1.3437671701878218
0.8564453125 1.3453011509757073
0.857421875 1.346835131763593
0.8583984375 1.3483691125514785
0.859375 1.3499030933393643
0.8603515625 1.35143707412725
0.861328125 1.3529710549151355
0.8623046875 1.354505035703021
0.86328125 1.3560390164909069
0.8642578125 1.3575729972787924
0.865234375 1.359106978066678
0.8662109375 1.3606409588545638
0.8671875 1.3621749396424494
0.8681640625 1.363708920430335
0.869140625 1.3652429012182206
0.8701171875 1.3667768820061064
0.87109375 1.368310862793992
0.8720703125 1.3698448435818775
0.873046875 1.371378824369763
0.8740234375 1.372912805157649
0.875 1.3744467859455345
0.8759765625 1.37598076673342
0.876953125 1.3775147475213059
0.8779296875 1.3790487283091915
0.87890625 1.380582709097077
0.8798828125 1.3821166898849626
0.880859375 1.3836506706728484
0.8818359375 1.385184651460734
0.8828125 1.3867186322486196
0.8837890625 1.3882526130365052
0.884765625 1.389786593824391
0.8857421875 1.3913205746122765
0.88671875 1.3928545554001621
0.8876953125 1.394388536188048
0.888671875 1.3959225169759335
0.8896484375 1.397456497763819
0.890625 1.3989904785517047
0.8916015625 1.4005244593395905
0.892578125 1.402058440127476
0.8935546875 1.4035924209153616
0.89453125 1.4051264017032472
0.8955078125 1.406660382491133
0.896484375 1.4081943632790186
0.8974609375 1.4097283440669042
0.8984375 1.41126232485479
0.8994140625 1.4127963056426756
0.900390625 1.4143302864305611
0.9013671875 1.4158642672184467
0.90234375 1.4173982480063325
0.9033203125 1.418932228794218
0.904296875 1.4204662095821037
0.9052734375 1.4220001903699893
0.90625 1.423534171157875
0.9072265625 1.4250681519457606
0.908203125 1.4266021327336462
0.9091796875 1.428136113521532
0.91015625 1.4296700943094176
0.9111328125 1.4312040750973032
0.912109375 1.4327380558851888
0.9130859375 1.4342720366730746
0.9140625 1.4358060174609601
0.9150390625 1.4373399982488457
0.916015625 1.4388739790367313
0.9169921875 1.4404079598246171
0.91796875 1.4419419406125027
0.9189453125 1.4434759214003883
0.919921875 1.445009902188274
0.9208984375 1.4465438829761597
0.921875 1.4480778637640452
0.9228515625 1.4496118445519308
0.923828125 1.4511458253398166
0.9248046875 1.4526798061277022
0.92578125 1.4542137869155878
0.9267578125 1.4557477677034734
0.927734375 1.4572817484913592
0.9287109375 1.4588157292792447
0.9296875 1.4603497100671303
0.9306640625 1.4618836908550161
0.931640625 1.4634176716429017
0.9326171875 1.4649516524307873
0.93359375 1.4664856332186729
0.9345703125 1.4680196140065587
0.935546875 1.4695535947944443
0.9365234375 1.4710875755823298
0.9375 1.4726215563702154
0.9384765625 1.4741555371581012
0.939453125 1.4756895179459868
0.9404296875 1.4772234987338724
0.94140625 1.4787574795217582
0.9423828125 1.4802914603096438
0.943359375 1.4818254410975293
0.9443359375 1.483359421885415
0.9453125 1.4848934026733007
0.9462890625 1.4864273834611863
0.947265625 1.4879613642490719
0.9482421875 1.4894953450369577
0.94921875 1.4910293258248433
0.9501953125 1.4925633066127288
0.951171875 1.4940972874006144
0.9521484375 1.4956312681885002
0.953125 1.4971652489763858
0.9541015625 1.4986992297642714
0.955078125 1.500233210552157
0.9560546875 1.5017671913400428
0.95703125 1.5033011721279284
0.9580078125 1.504835152915814
0.958984375 1.5063691337036997
0.9599609375 1.5079031144915853
0.9609375 1.509437095279471
0.9619140625 1.5109710760673565
0.962890625 1.5125050568552423
0.9638671875 1.5140390376431279
0.96484375 1.5155730184310134
0.9658203125 1.517106999218899
0.966796875 1.5186409800067848
0.9677734375 1.5201749607946704
0.96875 1.521708941582556
0.9697265625 1.5232429223704418
0.970703125 1.5247769031583274
0.9716796875 1.526310883946213
0.97265625 1.5278448647340985
0.9736328125 1.5293788455219843
0.974609375 1.53091282630987
0.9755859375 1.5324468070977555
0.9765625 1.533980787885641
0.9775390625 1.5355147686735269
0.978515625 1.5370487494614125
0.9794921875 1.538582730249298
0.98046875 1.5401167110371838
0.9814453125 1.5416506918250694
0.982421875 1.543184672612955
0.9833984375 1.5447186534008406
0.984375 1.5462526341887264
0.9853515625 1.547786614976612
0.986328125 1.5493205957644975
0.9873046875 1.5508545765523831
0.98828125 1.552388557340269
0.9892578125 1.5539225381281545
0.990234375 1.55545651891604
0.9912109375 1.556990499703926
0.9921875 1.5585244804918115
0.9931640625 1.560058461279697
0.994140625 1.5615924420675826
0.9951171875 1.5631264228554684
0.99609375 1.564660403643354
0.9970703125 1.5661943844312396
0.998046875 1.5677283652191252
0.9990234375 1.569262346007011
1.0 1.5707963267948966
