0 0
1 0
2 0
3 0
4 0
5 0
6 0
7 0
8 0
9 0
10 0
11 0
12 0
13 0
14 0
15 0
16 0
17 0
18 0
19 0
20 0
21 1
22 1
23 1
24 1
25 1
26 1
27 1
28 1
29 1
30 1
31 1
32 1
33 1
34 1
35 1
36 2
37 2
38 2
39 2
40 2
41 2
42 2
43 2
44 2
45 2
46 2
47 3
48 3
49 3
50 3
51 3
52 3
53 3
54 3
55 4
56 4
57 4
58 4
59 4
60 4
61 4
62 4
63 5
64 5
65 5
66 5
67 5
68 5
69 5
70 6
71 6
72 6
73 6
74 6
75 6
76 6
77 7
78 7
79 7
80 7
81 7
82 7
83 8
84 8
85 8
86 8
87 8
88 8
89 9
90 9
91 9
92 9
93 9
94 10
95 10
96 10
97 10
98 10
99 10
100 11
101 11
102 11
103 11
104 11
105 12
106 12
107 12
108 12
109 12
110 12
111 13
112 13
113 13
114 13
115 13
116 14
117 14
118 14
119 14
120 14
121 15
122 15
123 15
124 15
125 15
126 16
127 16
128 16
129 16
130 16
131 17
132 17
133 17
134 17
135 17
136 18
137 18
138 18
139 18
140 18
141 19
142 19
143 19
144 19
145 19
146 20
147 20
148 20
149 20
150 20
151 20
152 21
153 21
154 21
155 21
156 21
157 22
158 22
159 22
160 22
161 22
162 22
163 23
164 23
165 23
166 23
167 23
168 24
169 24
170 24
171 24
172 24
173 24
174 25
175 25
176 25
177 25
178 25
179 25
180 26
181 26
182 26
183 26
184 26
185 26
186 26
187 27
188 27
189 27
190 27
191 27
192 27
193 27
194 28
195 28
196 28
197 28
198 28
199 28
200 28
201 28
202 29
203 29
204 29
205 29
206 29
207 29
208 29
209 29
210 30
211 30
212 30
213 30
214 30
215 30
216 30
217 30
218 30
219 30
220 30
221 31
222 31
223 31
224 31
225 31
226 31
227 31
228 31
229 31
230 31
231 31
232 31
233 31
234 31
235 31
236 32
237 32
238 32
239 32
240 32
241 32
242 32
243 32
244 32
245 32
246 32
247 32
248 32
249 32
250 32
251 32
252 32
253 32
254 32
255 32
